   2.7925859655732976        2.3192389825292468     
   6.0757844980038112        3.0877788581124652     
  -2.2231811157729142       -8.9961869248406379E-002
   2.1785031755425583        6.0932540586978279     
   16.148323226284209       0.18390263396666695     
   3.5259362795116300        7.1309570136802698     
   6.8773503922960062        4.7596404542768811     
 -0.88994163478780219        5.7385227021240128     
   2.4252694754420809        12.039462572770624     
  -1.3662062365900602        1.1491235379508966     
   4.2105017490182002        1.1921024900467452     
   3.5529253787516843        7.6402168364541128     
 -0.70354520237433937        4.5326969246761024     
  -2.4764765247907632        6.4033723778718379     
   7.1011051701427199       -2.4101261312843847     
  -1.1158645471868107       0.33913229147533297     
 -0.95813646006890907      -0.97562212183683028     
  -3.2019192390455911       0.40169172104233208     
 -0.99656194328436121        9.2397840053393683     
 -0.71061579386314255        6.6716575104696902     
  -2.2133177560459645        2.4320238537649104     
  0.71558740313591129        3.9933982972111655     
   5.6484666873538751        4.6926813483010594     
  0.48950690131799324      -0.37849162840192851     
   10.279942967891472      -0.78385193047701307     
   1.8061390020258343        3.6207284155021315     
   1.0920655812766817        2.7906135251878617     
  -1.0055449423920724        3.6520260402721978     
  0.76955506188464251        3.3494180571992511     
   4.4856036040218905        4.7732379152040316     
 -0.59222955372836306      -0.19625617115325061     
   1.3918266585884371       -3.3193357469821545     
   6.9635140021523094        3.7328880606733383     
   3.2061690379740941        6.9052446547277375     
   6.5433964095847417       0.83022110520787495     
  0.45152895626169620        3.0381696064939820     
  -1.0404762714576397        11.248239697405014     
   4.3950799216368148        1.7948832891114543     
  0.66060381655414924        1.9547058854780905     
   14.761877148497121       0.55170300743392875     
  0.41141787233655530        17.756756437055529     
 -0.65732237799546978        13.438155366887063     
   6.5953716846061896       -2.3481420159448199     
 -0.95774537086955114      -0.59702148941766797     
   10.967994553394977       -1.1480455726547394     
  0.27674233224721423       -2.8522491578854092     
   6.5626888098183560       -1.1965642203287548     
   4.6875535149028034       -1.1099771353663235     
   9.9755600704040504       0.31086798335297972     
   5.4816061823130431        3.9550202462849557     
   8.6605758091571623        2.3861352135856175     
  -2.0449553201726220        6.3363014329903669     
   1.3755937725262013        7.4554582703405554     
   7.7359465103556131        3.8225299193205862     
   12.495463371123114      -0.31239370376449910     
   1.4007799796276243        13.946685429754368     
   6.5249250670309742        3.4536569406414217     
   8.1262526904640886        1.9542055706589887     
   3.8088772184873605        3.5617579329388880     
   3.5955139062924952       -1.1947428427771893     
  -2.7283778359725064        1.5218686900389358     
   1.9320623232589924        12.539342226605029     
  0.23571219701757770        16.436430165536137     
   4.4831750576617058       0.76849900107445102     
 -0.60425146585572387       -1.9002345295145073     
  0.51367665294158060        17.483608842309856     
   3.3196665577857667        8.3187762959886555     
   10.599728299691492       -1.2980446550594489     
   5.8789996839970700      -0.37750563912229307     
   1.8796047131903304E-002   17.935574121617762     
   1.5364789169788267        5.2118147514155542     
   2.8669359521617199        8.4863105409943778     
   14.331902711296413        1.1339856159715658     
   15.598299840837214       0.11940527339074089     
 -0.52064440276382129        1.6287925445297748     
  -3.6249334261262714E-002  -2.9102622373605040     
   2.7107235494193649       -1.7402893068953713     
   4.1543641731096894       0.41579643963642504     
 -0.30446969215981490       0.74099453684160244     
   2.3475398011059161        7.5724243474481154     
   15.296031075393838       -3.2004270723191564E-002
   3.5788033434387891        7.9865458476029660     
   8.6477587011058450        2.8252843057324997     
 -0.29262322231445337        7.9285121506027254     
  0.21057027165576739        1.6541607617704364     
  -1.2458952968428529       -1.3609241877028779     
   11.263209343848068        2.4006360924231158     
   9.9692294089187730       0.65706767857319315     
   5.1093520241721828        1.8400598454065644     
   1.6700083826402408        6.7110789561747666     
   9.3391928225360346       0.97739582445689799     
   5.9537113828983150       -1.5156127130940167E-002
  -3.1039496225015046       0.16214113625489973     
   8.2884336737066562       0.53075141133503967     
   2.2597042840888233        2.1633500172464863     
 -0.63865667905486068        10.991415598204165     
   10.265237737031738        1.7841895661852769     
  -2.8882297879791996        3.1773131542946147     
   12.652628832189601       0.88399709877146104     
 -0.17162247156291555        1.0625648139749657     
  -2.6154357041901868        4.4858653694109707     
   15.405091455299077      -0.71177969732856861     
   1.0133401771762529        6.4551613952949412     
  -1.3596496668862565        6.2433785595164215     
   2.3292370434905489        5.3293853073138600     
  0.39780149045473401        2.6444784368265735     
   5.0245540942142508        6.8775856291853934     
   3.4977188509735586      -0.55526565422703666     
  -1.3452464231485177       -2.1272373106241984     
 -0.26286688875227093        2.0914487772441288     
   4.2195122751980874        5.1223550042321175     
  -1.1930268050127379        14.878434489071548     
   16.512145871576710      -0.37379545814463316     
   11.362000844127977      -0.35011135687157940     
   8.1663111866681852      -0.46822821503769929     
 -0.24761344567350407      -0.20897074912452690     
  0.57366576771016398        16.809382549933748     
  -2.3443340375067061        1.8614156103487307     
   8.9253287602631719       0.98254986082972751     
 -0.36303567937807635        17.623113174128619     
   13.876577409462342      -0.28715927293852239     
   9.1061775791115096        2.8857996172528200     
   7.0699893912354224       -1.3934202255257084     
   2.8653934887262547        5.6131249326827009     
   5.6745210028974338        2.4978182543347835     
   14.604468779818259      -0.29878088615945747     
   3.2188347411745442        2.4644268774080755     
 -0.44477595001051240        15.626162728420354     
   1.5721528661816258        11.102426826324653     
  -1.2263444057262243        9.7171081606713710     
  -1.8578059032335283        2.7186124935781648     
  0.93192565896713475        14.385623117801893     
   1.2550518809204863      -0.53774095883631290     
 -0.45562992168451322       -3.5089270126036536     
   12.043954596901298      -0.49143937925275349     
   11.138896337638965        1.0867572756112338     
   6.1712351093465481        3.5651373450321380     
  -1.3106638818298157        14.342200177784161     
   13.489246009581411      -0.72188628698542878     
   5.4865120700915568        5.7266879563817197     
   4.7789979619299219        3.1043908499174555     
   2.6381353290957570       -2.1449719418106294     
  -2.4509197147629864      -0.48858471866113107     
  -1.9030133797155262        6.5589844467631107     
   2.2796196280719849        8.0368289270209008     
   1.4916239194674485        5.6751077143485151     
   16.299380659884161      -0.67515313047704983     
   4.0005668377004620        3.3720110343175840     
  -1.7909389672065674        6.0729858469165539     
   3.2399084432150635       -1.1069118001262876     
  -1.8218168590018120        3.1879090570733508     
   8.0689285272986737        4.0082408114581396     
  -1.4359980360646307        12.870704676355011     
   13.984001617521553       0.26950097018873970     
   3.3488714869023246       -1.8405903075249599     
   9.3027039940409608      -0.84013883178024740     
   4.9645670255521823        5.4002266989693357     
   14.838405915591071       0.87559832911253999     
  0.14031635293878308        7.8419699188676715     
 -0.97895551305215678        8.6100282565023960     
  -2.4167087101313740      -0.78213717219464796     
   4.7238802574891601      -0.23297862489150481     
   9.6870462922010248        7.1722561099922699E-002
 -0.96675309007991039        13.225467747341575     
 -0.27844382448140548        15.191436593450169     
   1.8225446622637873        4.8181341088551628     
 -0.66976036468886369       0.72131493326611285     
  -1.1362459830597302        7.0895010382677706     
   3.2592443939984079       -1.2840679108738071     
   2.4384001632286192        6.8559563828479035     
   1.1400059389014272       0.39851962757532094     
   9.5744403023019453E-002   17.080829706594184     
   1.6873795811995715        12.453302553463473     
  -2.1648762622576951       -2.7564249181808047     
   15.181198557940899       0.45145672116484015     
   6.1179284476743492       0.59528230786922487     
  -1.7240765320185871        3.9597419462224948     
   1.6020988395321778        13.001210131693426     
   1.1934250263601360        3.5097164251741946     
   9.7461506151988555        2.9450474053925766     
 -0.60618375611881037       0.41823077857156576     
   4.1415316573622511E-002   8.5554866536399530     
   10.563225073525965       -1.1131805422725616     
  -1.5912550585001501      -0.73016254153297755     
  -2.4164837097893654        3.0367491191027369     
  -2.3616866861323405        4.7898597970376739     
   3.9207363860147897       -1.0143522055417742     
  -1.2457774259690515        6.8066059383211028     
   10.742201803305106        1.4486143326347651     
 -0.60349712044652426        11.784471159166163     
   7.4846680687135150      -0.91923708031612028     
  -1.8842213476390759      -0.64183709329920235     
  -3.0486143312025957        1.1933321938013259     
   1.0025407071093766        8.7510728160512237     
   8.1649995167250076        1.2082799893591796     
   5.9909983293059783       -2.6692498342549404     
   3.5027453827451884        7.8143974594308192     
   1.9444648525852015        10.433319213551517     
  -1.0739347591610264        15.167603691477645     
   5.4620880264966115E-002   15.849364690838526     
  0.20744146983571154        2.8164629358594415     
   3.2552256031297682        5.8369178556767851     
   9.4694688950429118        2.7657261405689084     
   1.0341757346038178        10.800618394914872     
  -1.4135939587505617      -0.13344986848736015     
   8.1823141270511837       -2.0050896170081334     
   11.646793184654138      -0.84308884034195897     
   2.6662696222688971        7.3275359013774946     
   5.9305394636731359        4.0336168448348566     
 -0.16288962925145556       0.10726595781099395     
   7.8821821381191866        1.3181828741747754     
   3.4890802390793535E-002   14.489480619686784     
   10.276817180573630        2.4624271158097564     
  -1.1317942904933211        4.3171595832578520     
 -0.62004199960059347       -3.4643987748936333     
 -0.29038069676557710        13.301773229501336     
   4.1940343631134906        2.5136307626672658     
   4.7219141181384421        3.8531602704080372     
  -1.9666695140899366       -1.0460875413640605     
   9.3540464715806753        2.1335671312184998     
  -2.2819336291063497        7.0792809175932225     
   8.4061180723177724       -1.5974560480142745     
  0.34093383418501189        15.896709003647413     
   1.6688829386192436        8.1138870147228523     
   6.6073735360375405        2.5476268029269415     
   1.0242227562438782        3.1115986722580757     
   12.023826749577973        2.0133174765755881     
   8.2846723809750500E-002   18.415253909104898     
   2.8706874115420451        1.2592376333279116     
  0.17623039630645074        13.245387405176153     
  -1.4086952477808654        8.5495483830013548     
   5.1833959342046390        1.4527295310923352     
  -4.5208700924381284E-002   14.735992486314078     
   4.1935432275777913        4.5284824477206245     
  -1.3264770473104197        10.425312729049494     
  -2.6898589234118355        5.1060021356472456     
  -1.2190994826912578       -2.8506116910271948     
  0.66400973383786388       0.66658485022250158     
   6.5467042287892960       -1.8388464298032348     
  -1.4991683808534810       0.56099066323873581     
  0.52644045331244027        11.673733663322299     
   2.6208542914735102       -1.4797258793935577     
   9.1580207829986175        1.4978914247739956     
   6.4680785009407025        4.0505432670869030     
   14.661671003635869       0.28486944922414675     
   3.6776286891325829        7.4218797704249573     
   7.6215096778215257      -0.57197245019853771     
   8.1262044111795220        1.5741382438064768     
  0.29584403486645239       -2.2379706320903678     
   5.7220944715727979        1.3960099145735327     
   5.8510573822981486        2.1296296174393929     
  0.59434054915585888        14.478795075647025     
   5.5244096663203459        4.2926659588316296     
   3.7223387762252389       -1.5836274424734436     
   3.2300310965485197        5.5237968298881883     
   1.2537553926004461       -1.4842414942785216     
  0.23230954396026032        9.0764743593629476     
   1.8820450290745994        10.929466589634121     
  -1.1919712087142860        12.863567805109874     
   2.2699936885885297        6.4399285638629058     
  0.43907243776850646       -3.3246557418542415     
  -1.9442829932616763        4.9336688894505487     
   13.101146602102732      -0.95657099328386097     
   4.3602928095229023        3.6696775414164584     
  -1.8406329899242704       -1.9936693313402902     
   10.774309241600530       0.64977708599261419     
   1.3634120585832588        6.1922471563671007     
  0.38186600387813030        18.185860072930247     
  -2.1298970495276004        7.5245742890891529     
   6.4508516306251007        1.2876508670632292     
   4.1301165026849436        7.8112667608907662     
   3.5324498720264241       -1.8717566929644431     
 -0.92219615258129828        12.559374990175524     
  -2.7940321805332848        1.0746227930029442     
 -0.31227000619655282        16.118302199782924     
   2.9466168605922909        3.2977759799189315     
   4.0897493721350342      -0.58336699471680342     
   2.4290442471537514        1.4703441842590059     
   2.5562247902705093        9.3205365898433516     
   2.4235542958742506        8.0825298199974078     
   12.217275354475255        1.1566151782897685     
  -2.3624485752137856       0.35080402292239149     
   4.2777835085244256       -3.1271596494118850     
  -1.1068483368368778        15.648196388155849     
   3.0003109672001793        4.4966758723181384     
   3.2809221574433973       -1.5005017113952650     
  0.75724383347794388       -3.4065400123536351     
   4.5572775860096630        7.5776233115546976     
   4.6846359015037926       -2.2522243861176712     
  -2.4115991112871553        3.9380649734465969     
  -1.6054743663399258       -1.0549910579468826     
   6.0076916708377244        5.7960275753776092     
   8.9354859871715888       0.38290516296896016     
   3.9870651950446194       0.59737327186700562     
   11.442314279325274        1.4838888404451522     
   14.285542067897419      -0.58992138928877746     
  -1.1430776234108926      -0.71921472838486744     
  -2.0261370760114445       -2.9914387774325584     
 -0.25904492664780587        7.1109979305038165     
  0.54833141221963166        13.645125519257645     
   13.441188642220103        1.3758406420851415     
   9.1277980759285722        3.4524156938404382     
   2.2294743115364914        3.0798984826995701     
   13.219726354459143       0.57496222215113091     
   13.874503273565010      -0.65366134364395423     
   1.7585895443133577      -0.32966405707100588     
  -2.4904878010509321E-002   19.313892614003279     
 -0.55816445295189565        9.7193688280303476     
   5.3741215958405890      -0.40168887206036941     
   6.8588824030981819        3.2861138471331097     
   3.1277672189782484        9.1940269227881402     
 -0.72448905613288916        14.370468087234709     
   5.2539308177980635        2.8205263032467673     
  -2.0602283568383641        1.0631081888865528     
   4.0245770130343042        7.5078793270907154     
   4.9678325494916820        3.6377924093918970     
   4.4639313821907036        1.4878177525463123     
   1.5098286123419227        13.223928427254332     
  0.15335204265379657        8.7358463616882656     
   9.4237334819112277        2.5582387370801065     
   11.325745766800381       -1.1990753274854868     
   1.1841979288209319        4.0363872708761228     
   15.873183014141398       0.21641496327511522     
 -0.36924008777508605        15.029694098543255     
   4.2248147877413755        5.6388213381850498     
  -1.2433210107810611        1.6461762599828502     
  -1.5865099427340590        9.9528404398519648     
  0.41595221967575824        4.4497779891181786     
   5.8066606098132096       -1.2088736039882990     
   8.3410717764466860        3.1132605534895426     
   5.1570217846472728       -1.7570790632296733     
   4.6459066422835038      -0.67368337073255424     
  0.61208911025977875       -3.0417490193075039     
 -0.91720535344228926        6.5984742830645766     
   12.755274548393761        1.5445818917143130     
   7.6135660584184786       0.12006957444759320     
   15.862009066152249      -0.28153532048152807     
  0.69918841709024282        7.3490340637075828     
  0.57219532451037214        15.557210227544090     
  -1.0062733400738681        13.015223139540499     
   2.0201473564606243        8.7938233628423568     
   1.8204436002290285        13.216209317349774     
   6.8887157340824308        1.8348316683198063     
   2.5697743082559934        2.9600116476580189     
   4.8673028513279153        6.4945567193373570     
 -0.99303323442054614       -1.5079635700665077     
  -5.1545562006909879E-002 -0.69151393721401166     
  -1.2113538671752271        12.676419087723088     
   2.6929470097560504        1.6685059581935109     
   8.8806435407321533       -7.3128736346236567E-002
   3.7768067023254868        8.1081541394807655     
   3.2031377966715047        1.2026613237886927     
   7.2226551486216106        3.4791395416951763     
   2.1475787214085633        7.4557903798387297     
  0.59559204528488463        5.9951625124695687     
   3.0369544215416875        1.7322465766213462     
  0.89084156508443257        14.537324281727035     
   1.9635867191556085        7.2853061654834832     
 -0.14936158061143370       -3.6312991435858226     
   5.4505802181352356       -1.4377650618640998     
   8.8343453641795353       -1.9916406808238039     
   3.9004259634202709        4.4343714774796733E-002
 -0.85210802970116539       0.39461063703513927     
   9.3224184311900444        3.1506908769844331     
   8.8667472855605425        1.2699269851433923     
   1.7526800720117333        8.9561776464398797     
  -1.7469231217618675        5.2482530291230605     
   4.7616230537142981        7.0275014716602433     
   8.5488705676241992        1.4698288601122627     
   8.4750240152237915       -2.2820195247484127     
   7.5767435963714123        3.3205785057077275     
 -0.16374006484007042        18.712764763540498     
   11.371976851986332      -0.85983569435667606     
   1.9110760981556980       -1.7108754705721061     
   10.840026441619891       -1.6114691522850166     
   5.2150008627381377      -0.69185053558756371     
   2.1302911821005819       0.14204444408437630     
  0.19755982998660704        12.394383767204410     
   9.9735165136369055        1.3848762179638463     
   3.9657160010317964        8.2677559480547131     
   2.8676064335106806        7.7435541222398783     
   1.8087283345483989       -2.3119981215085965     
   7.6922540119848399        2.5332316175382799     
   2.4883528517168871        8.7020466293864622     
   9.2350518404680884        2.3288384156342881     
   11.402419344024272        1.8203023099811113     
   1.7350389319792048E-002   6.3691526180478952     
   3.0255928054851768        2.7026228488442277     
   9.2599832482389672       0.68908835944352109     
   2.0141379884233759        6.2866771455643127     
  0.32070594532101826        2.3502652561186501     
 -0.35134561390733082       0.35768393652495079     
 -0.53058647223723154        16.343190147105986     
  -3.2754698564929710       0.48232556552451333     
  0.28160980970397365      -0.19224847966911351     
  -4.6735082135644035E-002   4.6851116687104755     
   1.8003563484775513        12.799957016820079     
   10.762658757844592        2.4778232520831289     
  0.25742639533271400        7.0655585650533936     
   3.7847871353039753      -0.25421115994703147     
