   2.7925859655732976        2.3192389825292468     
   6.0229942867423416        3.2977930540346447     
  -1.9077031408679186      -0.58280915092397123     
   2.1785031755425583        6.0932540586978279     
   16.148323226284209       0.18390263396666695     
   3.5548904921366482        7.1636107413119747     
   6.8773503922960062        4.7596404542768811     
 -0.88994163478780219        5.7385227021240128     
   2.5523416691619625        11.991212879439598     
  -1.3662062365900602        1.1491235379508966     
   4.3028743343983002        1.1385487987690786     
   3.5440829419978801        7.6518705604865813     
 -0.87325229362025159        4.7292559573964299     
  -2.4317716788934471        6.2827200749150469     
   7.0657971306895382       -2.4274831166163406     
  -1.0986966759966359       0.36136632680732195     
 -0.89632039165443134      -0.82486416717636279     
  -3.2019192390455911       0.40169172104233208     
 -0.98702315289852516        9.2446424862960122     
 -0.71061579386314255        6.6716575104696902     
  -2.5642674925628901        2.0824204331106202     
  0.70111126984202343        3.9785476760815044     
   5.7104087688817460        4.9566246778901553     
  0.37187830620349693      -0.35611388265506738     
   10.279942967891472      -0.78385193047701307     
   2.1573871730294982        3.1536452573879670     
   1.1128956015591207        2.7960713265253014     
  -1.1171482066012262        3.2169368390039734     
  0.81206308376017144        3.2780782909442259     
   4.4894772171617934        4.7846845942153484     
 -0.97174972713619256      -0.46616421679320430     
   1.0596863000300401       -3.2507344481410274     
   6.9635140021523094        3.7328880606733383     
   3.2061690379740941        6.9052446547277375     
   5.8251946451265466        1.5275510478677239     
  0.60411729514310508        3.0879876203098897     
  -1.0017129513894365        11.345471883789237     
   4.3950799216368148        1.7948832891114543     
  0.66060381655414924        1.9547058854780905     
   14.684852023782494       0.51881980998299237     
  0.40697091393026241        17.753444781703752     
 -0.33647737686326362        13.866212154032148     
   6.5953716846061896       -2.3481420159448199     
 -0.95774537086955114      -0.59702148941766797     
   10.967994553394977       -1.1480455726547394     
  0.27674233224721423       -2.8522491578854092     
   6.1257471729017174       -1.3630234900845752     
   4.7024286869111060       -1.0945578093550647     
   10.146698803225483       0.38606032521617450     
   5.3628398719524730        4.1706782385781205     
   8.8848965117691812        2.4533624628435167     
  -2.0449201970302777        6.3622601580021092     
   1.6060315095745290        7.6360138036618830     
   7.7359465103556131        3.8225299193205862     
   12.434170901743460      -0.38513347352291838     
   1.4007799796276243        13.946685429754368     
   6.8415249796054676        3.5120174300628211     
   8.5218720145010671        1.9072868832914951     
   3.8088772184873605        3.5617579329388880     
   3.5640010316411486       -1.2032749574275337     
  -2.7283778359725064        1.5218686900389358     
   1.9324760501315685        12.529510274153882     
  0.24069837692955209        16.438510051771498     
   4.4831750576617058       0.76849900107445102     
 -0.60425146585572387       -1.9002345295145073     
  0.51367665294158060        17.483608842309856     
   3.3196665577857667        8.3187762959886555     
   10.571735229590686       -1.7547857041828416     
   5.8789996839970700      -0.37750563912229307     
 -0.31606508277218515        18.223263307131138     
   1.6979301199135444        5.1256244537146136     
   3.1286745248688375        8.5561725201525327     
   14.343427080330972        1.1695735896713071     
   15.490837476275900       0.29839356833857167     
 -0.52064440276382129        1.6287925445297748     
  -7.8187297359519903E-003  -2.9994842978474030     
   2.7107235494193649       -1.7402893068953713     
   4.0292134673371498       0.78991046720131486     
 -0.31999483864299316       0.75954070758583647     
   2.3475398011059161        7.5724243474481154     
   15.296031075393838       -3.2004270723191564E-002
   3.5788033434387891        7.9865458476029660     
   8.6826630791739952        2.5740653089441583     
 -0.29262322231445337        7.9285121506027254     
  0.21504994144856804        1.6211299623267843     
 -0.92711734276609103       -1.3177474004044125     
   11.263209343848068        2.4006360924231158     
   9.9963091189649411       0.49520190653271090     
   5.3397184162099398        1.7833929301488487     
   1.6893474953831058        6.6893660264937198     
   8.9892186241648666       0.77811105082773313     
   5.9537113828983150       -1.5156127130940167E-002
  -3.1646307448105082       0.34531851139419789     
   8.7461165813076960       -6.8301050478734027E-003
   2.1753260632715641        2.1478888690689333     
 -0.32602011749242044        10.648746096242512     
   10.344748169386143        1.6446533599430726     
  -2.9186845310638785        3.2057095783502589     
   12.618912781840180       0.90267966637790487     
 -0.17162247156291555        1.0625648139749657     
  -2.6123071046252919        4.6548085651503781     
   15.239995815310948      -0.45311509954660867     
   1.0763757413033295        6.5759511311745298     
  -1.5343610747069807        6.2653218806952049     
   2.1920109867676345        5.9544780075588717     
  0.39780149045473401        2.6444784368265735     
   5.0623541445226214        7.0918913939905357     
   3.7538769504582028      -0.28667741206114172     
  -1.3452464231485177       -2.1272373106241984     
   6.7504126714950097E-003   2.2295631055910325     
   4.4472952581093210        5.1958770234586220     
  -1.1930268050127379        14.878434489071548     
   16.243628547981846      -0.38098040285895962     
   10.932255482081715      -0.62282211567258194     
   8.1844596327960737      -0.51897389866394183     
   5.2449416627847967E-002 -0.48638347801012571     
  0.57366576771016398        16.809382549933748     
  -2.3443340375067061        1.8614156103487307     
   8.9753786604197145       0.92466276507678380     
 -0.71409074298846198        17.763798066851898     
   13.876577409462342      -0.28715927293852239     
   9.1061775791115096        2.8857996172528200     
   6.8689474355669207       -1.7594475213523217     
   2.9507953981623505        5.4732156677670067     
   5.5618575404212427        2.8557087143275091     
   14.598635302395657      -0.30810453158263096     
   3.2080143608601217        2.6252921320183669     
 -0.44477595001051240        15.626162728420354     
   2.0893125711479872        11.317071969763688     
  -1.3298326161879155        9.6613302630072546     
  -1.7843738144317067        2.3199616899957540     
   1.3419601168853870        13.949232466402119     
   1.2778265003416562      -0.70502328337813536     
 -0.45562992168451322       -3.5089270126036536     
   12.054262985319728      -0.49485446485507900     
   10.887118414993893        1.0825033451488260     
   6.1712351093465481        3.5651373450321380     
  -1.3106638818298157        14.342200177784161     
   13.489246009581411      -0.72188628698542878     
   5.8151052868092128        5.7045842279513996     
   4.9504302555400725        3.1709202748848915     
   2.6381353290957570       -2.1449719418106294     
  -2.5446130930734658      -0.64422845827363773     
  -2.0363726928151493        6.6038414897533029     
   2.2817392230326661        8.0439515166075459     
   1.5527100098446169        5.5799074252731780     
   16.312700566495096      -0.66761792152601007     
   3.8798291478915665        3.4730776166066963     
  -2.1948744422571282        6.1060029817899961     
   3.4227074003202542       -1.1981897527956504     
  -1.8283713782977853        3.1865910300138793     
   7.9749844742097631        3.8318200526163544     
  -1.3641488819460668        12.734135465656973     
   14.400073993086739      -0.18632217746202384     
   3.5285082430574137       -1.9171298840826629     
   9.5448775809357116       -1.1031798107121249     
   4.4226332886927953        6.1607402174713508     
   14.838405915591071       0.87559832911253999     
   1.0586352236477747E-002   7.9907342906283771     
 -0.97895551305215678        8.6100282565023960     
  -2.4167087101313740      -0.78213717219464796     
   4.7054269708901257      -0.29154326140552378     
   10.071647803616482       0.53264666099413382     
 -0.96675309007991039        13.225467747341575     
  -1.9117749148187535E-002   15.345331311916148     
   1.6992798785211418        5.0907167014628305     
 -0.66976036468886369       0.72131493326611285     
  -1.1362459830597302        7.0895010382677706     
   3.6013087947256119       -1.0506531163428674     
   2.4414585396604345        6.7084111437966074     
  0.60628965906253418       0.86942724916491620     
  0.36859466549068509        16.600838650485965     
   1.6912023054389325        12.456765818903140     
  -2.1648762622576951       -2.7564249181808047     
   15.181198557940899       0.45145672116484015     
   6.2356881502216455       0.37621995525037022     
  -1.8726694339019334        3.9176292740869458     
   1.6020988395321778        13.001210131693426     
  0.94992671030310127        3.7127987602578205     
   9.7854095972680888        3.0051131214839266     
 -0.60618375611881037       0.41823077857156576     
   7.4420920553218028E-002   8.6186952119635798     
   10.653239702116490       -1.2820489673867796     
  -1.5912550585001501      -0.73016254153297755     
  -2.4164837097893654        3.0367491191027369     
  -2.3616866861323405        4.7898597970376739     
   3.9156096244200782       -1.0137957853499038     
  -1.2457774259690515        6.8066059383211028     
   10.912878971999618        1.5344354727300882     
 -0.98826438896107982        12.549650537271972     
   7.4846680687135150      -0.91923708031612028     
  -1.8842213476390759      -0.64183709329920235     
  -2.9793959118002196        1.1626799954802500     
   1.2815445153162637        8.7996479269286922     
   8.1649995167250076        1.2082799893591796     
   5.9909983293059783       -2.6692498342549404     
   3.4976560481915779        7.8215012646001520     
   2.1560956814324710        10.449737613099128     
  -1.0739347591610264        15.167603691477645     
 -0.16488736247192115        15.556535152171485     
  0.26036045511502914        2.8578273863727839     
   3.3220959598410253        5.9053177170818651     
   9.2224154519924646        3.1585241526333503     
   1.5472730905322214        11.260495945586079     
  -1.7268609632747118      -0.31012136607091811     
   8.1435578387810743       -2.0781030636649742     
   11.626756911312153      -0.84430839086846943     
   2.7891765608961512        7.4799820185026435     
   6.1097847180014826        4.0918581090635531     
 -0.26004486848097041       -1.3831676245595670E-002
   7.8821821381191866        1.3181828741747754     
   1.1585652871858976E-002   14.450776397048550     
   10.276817180573630        2.4624271158097564     
  -1.4714451559319861        4.3731329117686224     
 -0.62004199960059347       -3.4643987748936333     
 -0.29038069676557710        13.301773229501336     
   4.4915881777104367        2.2292825678357948     
   5.2515208200108487        4.5056319043913762     
  -1.9379561347482024       -1.0900713490384413     
   9.2671665791122351        2.1641504058514158     
  -2.2819336291063497        7.0792809175932225     
   8.4072925200067310       -1.5989191004637160     
  0.34093383418501189        15.896709003647413     
   1.7504622478502982        8.1694768046714366     
   6.9857673122259500        2.4623248616751772     
   1.0242227562438782        3.1115986722580757     
   11.813349388226687        2.2465838118857988     
 -0.36988170574003965        18.031630158649001     
   2.8706874115420451        1.2592376333279116     
  0.13669823746691856        13.322807552051710     
  -1.2394028708639353        8.5348377474817596     
   5.1833959342046390        1.4527295310923352     
 -0.51766597344386467        15.069341991368582     
   4.1935432275777913        4.5284824477206245     
  -1.3264770473104197        10.425312729049494     
  -2.6898589234118355        5.1060021356472456     
  -1.5310241413263339       -2.8403050913951127     
  0.66400973383786388       0.66658485022250158     
   6.7270807524584457       -1.7031412847704293     
  -1.3889644940100958       0.63857732180277171     
  0.37837221687329947        11.920719969862382     
   2.6255729715901968       -1.4885226600310211     
   9.5655812989904518        1.8092103516543379     
   6.2619020438945414        3.6652348544377968     
   14.711024011157640       0.34170931846384267     
   3.8061764925877517        7.8749282041302342     
   7.6215096778215257      -0.57197245019853771     
   8.0249330015241469        1.4295084151140829     
  0.31248314793368870       -2.1381451484745053     
   5.7220944715727979        1.3960099145735327     
   6.1185927767798960        1.9291666942709629     
  0.59434054915585888        14.478795075647025     
   5.9617357596314102        4.3392007469555436     
   3.6532162038337654       -1.6622122190989548     
   3.2300310965485197        5.5237968298881883     
   1.0992211644948338       -1.4792159949386434     
  0.18283269446815975        8.8356380877331731     
   1.8820450290745994        10.929466589634121     
  -1.1919712087142860        12.863567805109874     
   2.2699936885885297        6.4399285638629058     
  0.48434304374035264       -3.1795440426834642     
  -1.9442829932616763        4.9336688894505487     
   13.653562933461124       -1.2661126103771547     
   4.3602928095229023        3.6696775414164584     
  -1.8173149254178829       -2.0339633583572310     
   10.774309241600530       0.64977708599261419     
   1.9078945881583982        6.1742131166933598     
  0.14275754948133734        18.050861197811198     
  -2.1298970495276004        7.5245742890891529     
   6.4094059117687960        1.5482276732269655     
   4.1405395103296643        7.8835436966908654     
   4.0376070790301331       -2.3815803189393101     
 -0.92219615258129828        12.559374990175524     
  -2.8590374198829664        1.1474775546507479     
 -0.41660391977578914        15.989021524993710     
   2.8516461414850678        3.3850583279004063     
   4.0897493721350342      -0.58336699471680342     
   2.4873425416996069        1.4437112456442893     
   2.6464340747873587        9.3714069382582039     
   2.4235542958742506        8.0825298199974078     
   12.232498522242889        1.0579479256929485     
  -2.3706621468693583       0.40407147285050105     
   4.2777835085244256       -3.1271596494118850     
  -1.1068483368368778        15.648196388155849     
   3.0003109672001793        4.4966758723181384     
   3.4303040129514448       -1.4373521700436838     
   1.1299614749384119       -3.2261816564023991     
   4.6253945468542472        7.8378806119908431     
   4.7809228684166607       -2.2169515031041724     
  -2.4115991112871553        3.9380649734465969     
  -1.6355252944597927       -1.0438047715361747     
   6.0044242886768577        5.8037487440296376     
   8.9354859871715888       0.38290516296896016     
   3.9912897786479880       0.60143938243415374     
   11.435369361825554        1.7408908648059915     
   14.438658172005638      -0.41316904935219245     
  -1.0791560505528959      -0.77168508068281394     
  -2.0290939747844785       -2.9897537048314913     
 -0.25904492664780587        7.1109979305038165     
  0.25015572321543589        13.699430536242144     
   13.432677016461302        1.5440267741092626     
   9.0410120329858685        3.3372569392770890     
   2.2294743115364914        3.0798984826995701     
   13.217803565298532       0.58460486257343547     
   13.798932466453845      -0.76765162478589399     
   1.7585895443133577      -0.32966405707100588     
  -5.8993175848278234E-002   19.307783914023101     
 -0.37250047208679105        10.011334184751554     
   5.3561672336809023      -0.40431888622441781     
   6.7801954789555419        3.3740755638459268     
   2.9715297741522786        9.4970839692849829     
 -0.72448905613288916        14.370468087234709     
   5.2539308177980635        2.8205263032467673     
  -2.3100875889044534        1.5299620135365499     
   4.0350234805254219        7.5146820827780330     
   5.3255666675111710        3.1098211141998036     
   4.6341003791707722        1.7386226868137120     
   1.5098286123419227        13.223928427254332     
  0.15512337476793325        8.6939593129391497     
   9.3210381703392500        2.4356517980975880     
   11.325745766800381       -1.1990753274854868     
   1.1768469822970724        3.9822438757424248     
   16.069002485303031       0.18808160071942526     
 -0.83148656574042468        14.827126066159256     
   4.2638918305356999        5.5589938142354329     
 -0.74346563480524264        2.1503313911341762     
  -1.7778781433934441        10.189931849200608     
 -0.16522843554371747        4.4762026703975648     
   5.8066606098132096       -1.2088736039882990     
   8.3410717764466860        3.1132605534895426     
   4.7942010923426475       -2.1037325043260213     
   4.6365272587564412      -0.71578182976682703     
  0.61208911025977875       -3.0417490193075039     
 -0.91720535344228926        6.5984742830645766     
   12.961417024145327        1.6654417508923096     
   7.4646549666819277       -6.0725267863904531E-002
   16.058873280359794       -1.6860773137716834E-003
  0.81660549838040719        7.3374926386165056     
  0.17935509889466550        15.383008444308782     
  -1.0149560754907494        13.030042563093691     
   2.0201473564606243        8.7938233628423568     
   1.7453393042780485        13.263106657861627     
   6.6971132713748469        1.8814660131470058     
   2.5701436670670033        2.9620928693706778     
   5.1067644267047294        6.6120563568854740     
 -0.98617970422254109       -1.5061942976418936     
  0.14017628744783428      -0.56021495730569582     
  -1.1236309048866655        12.600449815417818     
   2.6929470097560504        1.6685059581935109     
   9.5340353311124133        8.2319875158900935E-002
   3.9573167179954511        8.0755525773486063     
   3.2031377966715047        1.2026613237886927     
   7.0974950188804202        3.3716184291979481     
   2.0315540950299908        7.4523538210243094     
  0.59559204528488463        5.9951625124695687     
   3.0369544215416875        1.7322465766213462     
  0.89084156508443257        14.537324281727035     
   2.0101924698450775        7.3475801502197742     
 -0.33309438228666677       -3.4062460058275090     
   5.4505802181352356       -1.4377650618640998     
   8.7033436789615024       -2.0990875850964645     
   3.8379114494029567       0.16583752095679305     
 -0.86084909395614906       0.39036170998013375     
   9.0537100946688405        3.3754109080716326     
   8.9472612451298339        1.2247582826683621     
   1.7526800720117333        8.9561776464398797     
  -2.0099785590030512        5.5478652093395668     
   4.7616230537142981        7.0275014716602433     
   8.5761021556250903        1.4763114004157742     
   8.4750240152237915       -2.2820195247484127     
   7.5767435963714123        3.3205785057077275     
 -0.16374006484007042        18.712764763540498     
   11.256590622238434      -0.91870772512215071     
   2.2254471972420387       -2.1581782187161802     
   10.840026441619891       -1.6114691522850166     
   5.3254985689208043      -0.46815768484367037     
   1.4925139698159029       0.17249021035525702     
  0.19755982998660704        12.394383767204410     
   9.9735165136369055        1.3848762179638463     
   3.9657160010317964        8.2677559480547131     
   2.6988809147489032        7.6768897188025642     
   2.0296532032650862       -2.1789076702956862     
   7.2901592466769349        2.4288301768261915     
   2.3321524944038554        8.9912963267241892     
   9.2781097172338640        2.3364055073994354     
   11.678094365339849        1.9570995048224971     
  0.58138854600360679        6.4776350999783849     
   3.2211180959906240        2.6130416685102471     
   9.2599832482389672       0.68908835944352109     
   2.0141379884233759        6.2866771455643127     
  0.32794867587956711        2.3747176831339853     
 -0.55861374647936257       0.27684336437993506     
 -0.98424879283285360        15.786202039863131     
  -3.3003648806274475       0.49899608670052586     
  0.28160980970397365      -0.19224847966911351     
  -4.6735082135644035E-002   4.6851116687104755     
   2.1654458818711539        12.830641307876089     
   10.981892615105281        1.9990423365854380     
 -0.20536962860804531        6.8359882892662176     
   3.7002319420617242       0.22073588776529629     
