1.6509530422639898
2.3172101729964054
2.4091897435789003
2.500369382131245
2.5907489527852645
2.963867303561929
3.075446874311316
3.14182644603822
3.1666265128636613
3.257006083517681
3.258606083446155
3.317385719423579
3.348985654100175
3.4401652926525204
3.4905448621144464
3.590924433960559
3.7221040048768392
3.808083576770636
3.813283643429184
3.848863149641947
3.903663214083204
3.924863214178572
3.983642850155996
3.991242785905474
4.015242784832592
4.0756224207384895
4.081622356559494
4.102002054140994
4.106422423384936
4.156801992846862
4.198381564192296
4.19840199396743
4.248781563429357
4.2571816299448555
4.339961201981702
4.3491611352754695
4.350340770251536
4.440340773827814
4.45474070733616
4.515120280374363
4.530299854390085
4.530720344481834
4.571520344744094
4.630299980721519
4.6574999166378905
4.661899915398115
4.6982794895092015
4.7418795514709045
4.747879487291911
4.753079553950459
4.7682591848734095
4.78623869425714
4.788659060163223
4.803459123412385
4.808259123197809
4.854218386283486
4.860238755455903
4.864659124699847
4.9150386941617725
4.923438760677271
4.931038696426749
4.956618265507206
4.981418265888676
5.006218332714118
5.015418331259764
5.016597900983952
5.041797964662268
5.047797904059552
5.081797837734788
5.098197903296612
5.108577471566446
5.138177474713571
5.156977539274036
5.161777410939887
5.170136677196531
5.186136560282632
5.196556985122502
5.1985774751427245
5.199757110118791
5.2573571111201485
5.288957045796744
5.304157047203415
5.354495824155091
5.364536620241619
5.379716194257341
5.38013668434909
5.388536682036428
5.394536617857433
5.414916315438933
5.430516253811016
5.45491619089564
5.47009576491136
5.474516253930226
5.511316255265369
5.5152958268015375
5.520475517015901
5.52649588618832
5.544475395572049
5.5616958247272965
5.570095891242794
5.574034715851059
5.5928754579152224
5.597295827159165
5.612455087598396
5.635655034124396
5.638075400030478
5.647675396621093
5.652875463279641
5.663255031549475
5.68167546199218
5.688454969492405
5.689254967966527
5.708055095394684
5.726034604778415
5.748055033719083
5.764455034029028
5.774834602298862
5.788834541338517
5.79401429680476
5.8000346659771775
5.806034605374462
5.816373267319588
5.823234670006452
5.830834605755931
5.836393807928948
5.841214174025764
5.843214115688024
5.852393691015049
5.864814241351886
5.866014240851207
5.896414176028482
5.903152953886149
5.915214240588946
5.928373378511441
5.931214177602044
5.94159387399145
5.949932582949433
5.957993811433701
5.987593814580825
6.0111937508071405
6.015593812435059
6.016773447411125
6.019553017063785
6.021593748256064
6.035552900149888
6.037973384042753
6.041973445837562
6.045973324989758
6.101573321461162
6.112732525470001
6.121173384495748
6.125932470803907
6.1363528956437765
6.138373385663999
6.167132647581425
6.173153016753842
6.181552957533953
6.188752955125926
6.1967325315496735
6.197153021641423
6.203912164022347
6.2402918465834745
6.243952957724689
6.259132588647638
6.26145104284371
6.2771120980313695
6.278712218330812
6.279932593678272
6.290312161948105
6.294291734676366
6.294332527186615
6.299912161518951
6.304332530762894
6.319512104778616
6.328332592557704
6.332271417165969
6.345091790057715
6.3547121002248215
6.354712225960208
6.369891674240542
6.393891735439306
6.396291671570254
6.4111121645945515
6.4143121644515
6.4210099755009535
6.421491732864386
6.432210083450315
6.45267137141673
6.455091737322812
6.460271427537176
6.466291796709593
6.469891800571976
6.470271246086655
6.482630398052004
6.48305093849447
6.4842713060933255
6.497091736488346
6.499050821580571
6.507471304758182
6.5126713714167295
6.513830626372333
6.532671368436498
6.53787130935966
6.5386713078337815
6.548250877629494
6.55225099811967
6.57545094464567
6.581471371321362
6.594630509243857
6.607851004723866
6.61618971368185
6.623050942666796
6.6242509421661175
6.625830514107597
6.629050878487801
6.638250881205772
6.647850943048264
6.6494305760693
6.661010080970761
6.661389655201059
6.665789607186843
6.683030578143541
6.685810147796202
6.689728487510245
6.69063051389302
6.69263045555528
6.693810206133943
6.69983057530636
6.701810030882305
6.708169284264344
6.728630451859792
6.745830515895737
6.748230514894377
6.752569293753405
6.756169177840864
6.775010148726035
6.777789718378696
6.783010026209299
6.792189601536324
6.794189777980055
6.796210085357664
6.79934892281669
6.800210147152472
6.801389782128539
6.804610151873161
6.8282100880994765
6.836569354356121
6.842948864407425
6.8453692279293215
6.8525692374422205
6.862989662282091
6.871010088123319
6.886948977148999
6.887389723910008
6.8977692921798415
6.905789719213161
6.916467367261441
6.9213896575852445
6.925369348896336
6.927708173576127
6.941667212847586
6.950989661328418
6.955389722956332
6.962148865337257
6.966169292251367
6.9753488106711625
6.981348866267089
6.9817693563588366
6.984148801635097
6.985769235511032
6.998528547898385
7.000046684826727
7.001369230790344
7.011348920790132
7.01968774415862
7.020928501314681
7.0257283801330885
7.036148804972958
7.038169294993181
7.048548863263015
7.052128493661444
7.0525284359912765
7.060969295017022
7.064908119625288
7.077728376318392
7.087267106233369
7.096948930970605
7.1069285581027
7.1101080688931
7.112948927275118
7.121348868055229
7.126107951979201
7.1265284378986244
7.129287528617528
7.13652844207095
7.13972850181536
7.143708074543621
7.143748867053871
7.154128435323704
7.180087757104749
7.190446784765225
7.194087644005548
7.198928499168915
7.201246953364985
7.204128440092076
7.21090807273164
7.214508008361911
7.216908008552645
7.218508128852086
7.2193080141077965
7.228128501886885
7.229687582377632
7.2372877061341425
7.239708072040226
7.2412876398093795
7.245708011437509
7.254508135289391
7.262846844247375
7.270426315368208
7.270908072731638
7.272067327687243
7.28162642331757
7.284887700578989
7.314108073780681
7.31968758595391
7.327267211703176
7.329687708709064
7.332046737919261
7.332467278361726
7.3336876459605795
7.33608758209153
7.348467161447827
7.354887646651995
7.355687645126115
7.355985618242661
7.356887644625437
7.360067336866359
7.360805886022229
7.366087706038776
7.3680467845744895
7.37200599397159
7.37442641499676
7.384067215422507
7.389524390878962
7.392467281938004
7.394026357660379
7.397667217496749
7.401646908211792
7.407667277384212
7.41006715660793
7.413626535701515
7.42242630857328
7.431524342077965
7.432467277765679
7.438846732101845
7.440805986723664
7.441267279458451
7.444046849111112
7.4479651888251555
7.452046907448851
7.455267218498106
7.465606053549108
7.467646912860955
7.475246853974851
7.478467218355056
7.4828059444791775
7.485626422244686
7.502826485088538
7.507646851185354
7.5096467928476125
7.510426420838016
7.510805995068315
7.514006107547629
7.518826368174638
7.528846787816984
7.53284684961179
7.539083689104252
7.539144827377501
7.552405931533049
7.552426479294965
7.553483395296911
7.55360611427103
7.5575856241316
7.5596264834434495
7.562846853188071
7.569585631045739
7.57436530414165
7.578046791727046
7.582724497993856
7.589226486590574
7.594806055671031
7.601185565722336
7.605585517708119
7.612826422816891
7.616365260109022
7.621185689073536
7.628426361188974
7.632426366076554
7.637185572159635
7.641605941403579
7.645185678463907
7.645626425224918
7.647605996999506
7.655965087170045
7.656005993494752
7.658006051355654
7.665585506383237
7.666303815559142
7.67470406857635
7.68280593553848
7.685944874891037
7.688026425415651
7.691985510865505
7.692365204274679
7.694785567796576
7.699903914162496
7.704406061202342
7.717565199124838
7.718385624393859
7.731165250357706
7.733565082210939
7.733565198409581
7.7339242367988925
7.733985688501329
7.740006057673747
7.742744773736606
7.747185632047097
7.752324446617939
7.756344659016157
7.76800599862075
7.7708059974524994
7.771944823229018
7.77916520262959
7.7811855657223346
7.785165138450595
7.791083552714841
7.792365147963498
7.802785572803365
7.8055448360320945
7.826744887670274
7.833565141502354
7.845585629734435
7.849463024693982
7.850785570657599
7.855185632285515
7.856263277782715
7.861165138927434
7.865165259417609
7.867504084097401
7.86834477020801
7.875144720000344
7.881463123368861
7.881565265688019
7.885524288270178
7.885565144840214
7.889903974646003
7.895944713110047
7.89796520313027
7.901781471141451
7.9019447758585315
7.905965202772643
7.921144776788365
7.923083487224545
7.923944712156373
7.927144716185648
7.936683446100625
7.938324458419659
7.939842595348002
7.943544775190959
7.951144831311407
7.9523243453204575
7.956744839107694
7.959483654679895
7.959524408760355
7.9607244118359555
7.960765204346205
7.973924342268701
7.975524291846457
7.978703868484782
7.989504038276637
7.991924404182718
7.995524407449053
8.002642748808185
8.00354477519096
8.004704030146563
8.006724467431882
8.0127448366043
8.017524286839665
8.021083545562284
8.021144777384409
8.027063016754644
8.034303915306905
8.03632435140013
8.03986312463248
8.043503983872803
8.049320293055587
8.049483489322627
8.053883552142636
8.05578152161138
8.062724348729843
8.063924348229165
8.065903862500479
8.0663243484199
8.0690834391388
8.079103922244887
8.07988366643393
8.081320106911505
8.087442652660542
8.087924410023977
8.090703979676636
8.098642760609906
8.098724408498096
8.101042862694168
8.101063061264105
8.10706311745608
8.11226318411463
8.114222319557571
8.114304043426479
8.116703917881827
8.118304038181266
8.121463237779366
8.129300008372141
8.130242695286501
8.136703923246243
8.139503981369408
8.14030397984353
8.147761092193873
8.147842690327392
8.149063075211595
8.149483615654061
8.150703983252916
8.1598836095267
8.16548349874016
8.171863237016426
8.173903981917771
8.176683551570433
8.17708361665542
8.180601891284475
8.184683609908172
8.185503921958782
8.189761043392878
8.20142243454028
8.205340819836668
8.205401958109919
8.210222225889485
8.214683554789083
8.217463124441744
8.219740526029327
8.219863245003447
8.221422333838845
8.223842754864016
8.225883614175865
8.229381628559379
8.233483555289762
8.233842636281187
8.23588349142071
8.238940730746217
8.23988355321552
8.243442697527636
8.243863123559596
8.259483496475184
8.26060179535141
8.261063186403446
8.267422279196593
8.271801903300771
8.271842648440535
8.272242808862538
8.273422443838605
8.280940681945221
8.28262239084144
8.285063181754285
8.28744281980595
8.288263071969102
8.290222326590918
8.292263185902769
8.292263191267185
8.294263127565028
8.29548355564739
8.297320390419161
8.297381528692412
8.30344270289205
8.305422329189684
8.30986306593711
8.311842815585942
8.312960946124667
8.321422212275783
8.322222217902462
8.327442758130351
8.32782233236065
8.33260200545656
8.333822268181654
8.335042762111941
8.338642641431028
8.340961199308769
8.34144281873307
8.347463187905486
8.352438600038045
8.354201965763153
8.356161164669835
8.360981367197523
8.363801789247894
8.365042754959385
8.37132025259924
8.373402021216029
8.374601961423934
8.377822380923227
8.37826312768424
8.379422390388445
8.388642695954072
8.38940190430213
8.395063129019379
8.399822329141998
8.400981594826439
8.401822271400304
8.402899735164166
8.40734077103567
8.418581577350356
8.422601855000453
8.432540616621816
8.438201953961434
8.44944270336889
8.45060190558959
8.453381527977156
8.453802018068902
8.458622278695913
8.459361150221667
8.462642762517252
8.472642760133066
8.475801900439746
8.477842701056229
8.478879599625527
8.488222269326062
8.489022395919756
8.492201842054323
8.492222389816238
8.493279305818186
8.49736110487774
8.500981475051518
8.5053814270373
8.505422333362006
8.509381541567015
8.51180190508891
8.514161214662925
8.515001846250492
8.5157201554264
8.515760995307135
8.522520408515131
8.532222275405736
8.541401850732761
8.54260184367557
8.54932025402975
8.551781419002594
8.552622333338165
8.557761168174586
8.563781537347005
8.564201969339432
8.566981538992092
8.57698148268091
8.582981422078195
8.583340576666147
8.583556819670505
8.584981588985183
8.58740190752078
8.587822334744835
8.592161113603861
8.597801961876929
8.60098147266733
8.602540681873695
8.60538141690451
8.605760998883412
8.60609972608042
8.608099890007175
8.614499979097626
8.62574078541231
8.629699879206814
8.630120190828272
8.63060190558959
8.633781597830511
8.634581478317854
8.63969982468377
8.63980196700293
8.648140675960914
8.650581478794688
8.658181534915135
8.660018172456361
8.666479361986317
8.667801907949935
8.669116194040118
8.67096116087898
8.673360992732214
8.673361108930854
8.673720147320168
8.68096104587243
8.68496104777978
8.68711632506511
8.692120357139215
8.692161057292678
8.696140569537436
8.7024386521769
8.702581482132548
8.705320195215174
8.70932036784421
8.710581478794689
8.711740733750291
8.714981540422604
8.715577423788003
8.715740620055044
8.717761110075266
8.718961113150865
8.726540796999457
8.728161109908374
8.730879463236116
8.734940628137434
8.73932031451326
8.741361173825107
8.744161053477981
8.745340746553369
8.745361052977302
8.745381539063617
8.74757723764392
8.747740739591546
8.751197811008707
8.75369978339296
8.753720248021603
8.756059187111898
8.760879450123094
8.764961168746792
8.767299993426583
8.772499827091798
8.773361052023628
8.776540746052689
8.781259032698042
8.782499766012245
8.783495728767745
8.789258935215258
8.79254062913879
8.795557139104556
8.795720205777117
8.801740685187713
8.805761112101825
8.807556994370499
8.808879564772017
8.812120253457545
8.814018222926292
8.81409982105981
8.820561112483293
8.820940686117545
8.823340682135955
8.823740621485555
8.829279395075531
8.838120367748841
8.839638504677184
8.841577381662727
8.846859022016892
8.847340683447257
8.850940740640588
8.85199795040219
8.852059088675441
8.85643875895801
8.856879461924816
8.859279564009078
8.860520321165136
8.862879397745822
8.866397656594849
8.866520375568971
8.866940626706922
8.87049988542954
8.872058987377958
8.87254074474139
8.873679459087633
8.876479356621902
8.879699939094275
8.880397794653193
8.880940685521502
8.883259095327318
8.883340685712234
8.883720255174161
8.887536709687051
8.887638594888204
8.889679342173734
8.8917203135119
8.892520311986022
8.89612025953722
8.898736632922844
8.898899829189883
8.90329989200989
8.904499939475745
8.905197861478634
8.907720316968971
8.915320202367731
8.917320196168848
8.918499779006057
8.921320257963657
8.922397745852194
8.926858926083828
8.929279521406963
8.92929994879791
8.930736446778758
8.933679409929008
8.934099950371476
8.93532031797033
8.93967957457102
8.940018076523296
8.950099833457575
8.950479401131362
8.951658919312738
8.956479457323336
8.958520316635186
8.95965913585519
8.960838770831257
8.963577521151578
8.963638659424827
8.965699771829657
8.96612025774908
8.968438497429261
8.968879348467985
8.976499826018916
8.978099946318357
8.979659035153755
8.98761832987429
8.992099885358012
8.993699888862766
8.997177432061129
8.997259030194648
8.999299889506498
9.00252025925112
9.004879511321857
9.019638611339085
9.021116017432782
9.022418295402252
9.027238563181818
9.02995709287848
9.030018231151729
9.030038604615683
9.031659145153517
9.03447946173408
9.03843867113118
9.039177383260132
9.039659151948445
9.040858971785385
9.040859092156351
9.04447951804526
9.04567952112086
9.04647945970752
9.050499892582096
9.055659035034546
9.055957068038552
9.060193533573917
9.060459034819969
9.06125914830064
9.063659030504592
9.06523870791588
9.067238725558855
9.069095918893415
9.069156865896582
9.073597901768087
9.07649983376752
9.0768795259846
9.080099890364803
9.083258976148441
9.084859084526958
9.085218234942586
9.085299831287966
9.088858985732868
9.0932183507836
9.093279463426851
9.0956793995578
9.097957019237553
9.099679520047978
9.105279409261437
9.106418297905645
9.107238663883251
9.109218233869699
9.110018135218665
9.110675301352957
9.112059092847764
9.112438667078065
9.1143774746394
9.114397865984744
9.119638658709569
9.1203977034885
9.121218243168027
9.125618280954082
9.12955695391415
9.131597811437858
9.131638722530937
9.139577320225545
9.140777499387248
9.140797854969806
9.141218345061553
9.145136730357946
9.152059099404275
9.15319792696893
9.154838669056938
9.159218296141349
9.159279405804364
9.159536436550603
9.16237728599192
9.169177539080655
9.1696589740742
9.170838552143039
9.171638557769715
9.173638546802461
9.179679463736797
9.182018126039551
9.18323860804891
9.188058981298285
9.194952857330552
9.195279464976572
9.198438549568115
9.2018549399053
9.207218189717869
9.208438602899069
9.210397707064777
9.212038719383811
9.21253263918316
9.21321812911515
9.21883860869264
9.219916072456499
9.220736592466498
9.224859092275558
9.233618177510834
9.234059038086304
9.237116300940436
9.237157009438551
9.238059035821326
9.241238728062248
9.243238613413329
9.247259097234668
9.248912093832558
9.249813950402922
9.25275685664594
9.25559780619265
9.261218122797056
9.267618242881923
9.27111616192842
9.272397915977837
9.27757749774216
9.280757109830045
9.281956956489072
9.292234510559322
9.293997876284429
9.294859038348562
9.296418239806323
9.300777277718797
9.303597699769169
9.304838665480656
9.308018176271059
9.311556895576409
9.315997869489497
9.3176182914445
9.322397764329633
9.322438670654343
9.325218240307002
9.329197814823402
9.329495782575533
9.332018183542823
9.332736492718734
9.335373324772537
9.335556902252128
9.337638609193318
9.339618239663272
9.341618181921577
9.342695645685442
9.346777444744996
9.347136681556943
9.348818304056845
9.349238612698072
9.350397814918772
9.353373455797527
9.353597927398082
9.358377487871634
9.358418188025096
9.360777383188605
9.362234554353527
9.362397750620566
9.36517733517439
9.366336591322083
9.371577325947593
9.372336527143089
9.372438669462248
9.377997864482706
9.378675508954709
9.380777378420234
9.38399787628443
9.387936580521725
9.391997751383506
9.392018183542824
9.392018299145422
9.39265487491568
9.39271622472459
9.393075215147368
9.39317743849843
9.394234368209442
9.39673669483686
9.399157060742944
9.399997759370528
9.40035691395848
9.40119775886985
9.409177450896193
9.413957123992109
9.422316317844313
9.422336588818691
9.422777336175747
9.42735289535503
9.43297315953776
9.4351978135121
9.438336471904792
9.442214269670082
9.445353026380019
9.447618242881923
9.450397812534586
9.451095696703732
9.451597815610183
9.45195702174095
9.452418242667347
9.454797756771766
9.455516065947677
9.460675353491812
9.460756951625331
9.463895889189745
9.46755706915912
9.473814125102916
9.476777392010092
9.479055080800821
9.47911621907407
9.47953653069553
9.480377442050866
9.484777498314365
9.485116100968078
9.487197816849962
9.489116164551026
9.49345478699348
9.493516152582414
9.4935775059676
9.49553652580795
9.497557015828168
9.497557078695863
9.49759787120611
9.499597875140017
9.50357744786828
9.505177326233692
9.5058956354096
9.509434512323615
9.511230248621736
9.514295888426808
9.518532533907376
9.519916049210687
9.52277733259947
9.523136487187424
9.52335273019178
9.525536694741495
9.527597816087022
9.528777388195396
9.530377385739683
9.534377387647032
9.5347774473676
9.538316118110375
9.539495734012952
9.540193696829816
9.541732430082655
9.544756955916867
9.54555690940469
9.54665492538561
9.547475206755033
9.547895800528451
9.551854992044158
9.551956965429769
9.553793840419468
9.55389572562062
9.55473653508243
9.556295627494103
9.556336651805593
9.557977444244317
9.561157080770103
9.562377390269635
9.564993763655261
9.565156959922302
9.567116266086927
9.568214148301042
9.569075299636342
9.569916101349548
9.57075707020816
9.573156902061395
9.573157018260035
9.573516056649348
9.577156963856204
9.580336540494532
9.586336705136544
9.586809985726466
9.587434498256922
9.589516164384134
9.590377389315961
9.591916266468397
9.595936478866616
9.596993577511176
9.59955701558975
9.599814082977636
9.603136587888857
9.60517744720071
9.606275272507592
9.6102346517171
9.610295789990351
9.611536643079472
9.612336641553597
9.61467546027292
9.615855095248989
9.618757022480047
9.620173412146372
9.62427531952045
9.62475707688388
9.626912235586383
9.627095901563674
9.629434449455923
9.630675372565296
9.631916105879501
9.631916160402543
9.632912068635001
9.63547542746981
9.64035701942829
9.641054940835135
9.641495796642227
9.645136655882553
9.649116278365483
9.653475364840537
9.656973334237753
9.6615365933248
9.663434562793544
9.663516160927063
9.665557020238914
9.667957020429649
9.669075425967774
9.673156961352808
9.673536590106153
9.678695734942783
9.680736594254636
9.683536529622643
9.683956963999256
9.685895742071502
9.686316282513967
9.687373148165197
9.687516222721872
9.68753665011282
9.68905484454444
9.690993721529981
9.692295838314509
9.692336651686384
9.693495693914235
9.696214223610898
9.696275361884148
9.697916275885932
9.699434412814272
9.700736592466496
9.702316165600067
9.705548950726287
9.710736648777678
9.711916214925587
9.712295737613076
9.713895856124376
9.715752970215176
9.715813996462105
9.715916166482216
9.719075472146168
9.720255032333608
9.720316229302227
9.72221419877097
9.72229567653352
9.723095798954889
9.723291639289021
9.726450664306334
9.729814134520447
9.732336539660066
9.735353049625834
9.735516116298394
9.73699379648221
9.73705493475546
9.739095682040988
9.739454940906656
9.741373290991907
9.747752784071094
9.748675475293293
9.75151622164899
9.759475481516018
9.762675307075
9.764295847612834
9.766295789275091
9.766736536036104
9.767495738423696
9.771814085719452
9.772275411519606
9.773495794615668
9.775475364602116
9.776275265951085
9.777116104305936
9.778316223580182
9.780634605371818
9.780634677776252
9.780654996717162
9.783136595041416
9.786654834220915
9.787136593968532
9.788707992432904
9.789434416390552
9.791793860923466
9.795814179387536
9.796234669479283
9.796295732963912
9.796634560862351
9.796675372446089
9.797895853263357
9.801075259179994
9.806193567116125
9.807034630119666
9.807054985702225
9.811854897899233
9.814193769353464
9.81427536748698
9.815116111696913
9.817854837296515
9.818295688335239
9.81909579645149
9.819455057701347
9.81949584961555
9.82101402497368
9.823055005848593
9.825014139503395
9.825475426873764
9.825495679966746
9.82591616588617
9.82623462747322
9.827332620208328
9.828675256605072
9.829095858127092
9.829475252695008
9.832316222507297
9.835116227299514
9.840573402755968
9.843312003812274
9.843454936257494
9.845075369537383
9.847034568444064
9.851455052098512
9.856193720552463
9.861116168484932
9.86219365637347
9.864275424990256
9.864654999220557
9.870532357300036
9.873014256536504
9.873475320450284
9.878789769915576
9.879454944482935
9.879813987044571
9.882573353954967
9.886173203188916
9.88983451275277
9.889895743978848
9.890275311652637
9.891454829834014
9.89185499860067
9.892993831529743
9.896471080968444
9.89901420070216
9.899455046376463
9.900275313440776
9.9023161685803
9.903373431672854
9.908234407950538
9.909609873441172
9.910295800719185
9.91143462828384
9.913075370371846
9.915169224564975
9.915475306502797
9.92091192676196
9.927034472511
9.927414240395565
9.931895795879289
9.93463457480984
9.936666964813966
9.936675434121687
9.936952912807268
9.93823458046036
9.940193610433496
9.940654881114563
9.944675421843133
9.945095739425057
9.951393718382857
9.953189558645462
9.959067113955486
9.95943452186036
9.960091641220208
9.961055057629823
9.964993824734814
9.967393601468956
9.9688918282226
9.969753003399758
9.969814043355754
9.970769340498068
9.971855006349273
9.976295743096701
9.978973293781406
9.979393623284256
9.979895799693985
9.981014151305116
9.982030455338057
9.986275370228794
9.987854889435372
9.988234508651969
9.988654895062052
9.9889936600928
9.989291684752159
9.989454881019197
9.99539371075346
9.99545494555582
9.999475429377162
9.999989444095192
10.000030586363048
10.000254945341243
10.001814032984546
10.003454943410054
10.004532407173915
10.005034618437154
10.005075318590617
10.007148795147467
10.00895277641786
10.013393812289364
10.018234456513113
10.018871277197633
10.019075313941457
10.021291498608074
10.023054886669717
10.02465499504823
10.027414044357114
10.029352863243332
10.030234466407483
10.031434465906807
10.035814199057073
10.037752929758833
10.041014254390737
10.044369197197806
10.044932639687127
10.046214208426921
10.047854889435374
10.048634571948817
10.049014144390977
10.05047121187423
10.051753019254592
10.05223457759934
10.054173385160674
10.05507537311366
10.057854942766324
10.059332345879783
10.059434569230847
10.065414191475359
10.068573178941747
10.068973448409837
10.069271400068713
10.073434456131645
10.07937323074682
10.07947537306598
10.08059376549108
10.083034517378092
10.086512211032561
10.086573349305807
10.08773248389044
10.08781408202396
10.093414085647924
10.093610026087447
10.098328433699814
10.098973293781404
10.099230290270178
10.099691578519408
10.100911917225217
10.101034636199335
10.102173196513196
10.105014146059908
10.107014099047047
10.107055005371755
10.110634462664311
10.111610157112436
10.111834628712996
10.115352808005033
10.116634518260241
10.117352827436148
10.120471255668438
10.120532501795678
10.120573282981043
10.124552757392058
10.12465500160474
10.130912070065511
10.133854947415484
10.134748767851828
10.13533233681988
10.13691221026962
10.141650850426576
10.142193656373472
10.14223457759934
10.143034522742507
10.144932556867085
10.150193617586053
10.1509529260395
10.151373231700497
10.152328549704434
10.152552765975122
10.153014039636423
10.154654946485653
10.154973396151775
10.157434516138313
10.158634519213914
10.159711982977775
10.159989597814349
10.160973235443668
10.161014032126241
10.163793782037333
10.166165259694491
10.167414152211103
10.168614211001842
10.172193825307016
10.177487379354154
10.177989728839341
10.178912122442787
10.180553019159223
10.1805732901336
10.182193672466726
10.184614094087943
10.184789664639792
10.184973242119383
10.184973248675895
10.187414145654596
10.189609860924195
10.192030419888502
10.193312055951132
10.193793785613613
10.200193771618439
10.20045097098499
10.200552856186142
10.200573187047981
10.202132494571591
10.203312028846225
10.20339360909835
10.20463457480984
10.206450827562234
10.20739367089316
10.20903452083516
10.210193723055859
10.211650894220783
10.211814090487822
10.213393835535172
10.217373408263434
10.217414200773684
10.218214096162184
10.220993665814849
10.221752867010345
10.222132590504655
10.224912005528886
10.228993724152584
10.230193718287488
10.232234577599339
10.235332430368759
10.2362141503276
10.237291782115733
10.23735292038898
10.238471417091796
10.239414148992452
10.241414091250759
10.242071214782936
10.242491555014624
10.243650708076698
10.246932590886127
10.247230400433546
10.249989496830096
10.251352806097684
10.251793659520596
10.251814207282512
10.252871123284457
10.25369162898934
10.255793780010773
10.258173397200814
10.26741414982692
10.26887120300506
10.268973359033287
10.271752928685943
10.2718140940641
10.272132436472273
10.272532403240008
10.273753032129195
10.274369132541974
10.276769235222288
10.277793773811892
10.280993720337888
10.282112225981404
10.286430542878788
10.287752811772048
10.288503889841158
10.290532450252867
10.292973347827614
10.293169366318804
10.296132556366404
10.296552867987863
10.298952970072126
10.299752968546247
10.30613250184336
10.310091693359068
10.310173291492587
10.310871154204062
10.311724242017617
10.312214150804435
10.313373412912595
10.314573353120503
10.319373345157324
10.319393782085015
10.323230464970171
10.326450849615952
10.327210115750098
10.3293732959987
10.332450785436956
10.332512135245864
10.332552872637024
10.33403027873072
10.334532440835332
10.335548871199707
10.336503682150607
10.336532605358137
10.336573300147185
10.339793669891804
10.340152824479757
10.340952986523009
10.342871126860736
10.34287135417642
10.34293249244967
10.344091649088023
10.344573406451453
10.344952865675202
10.345046687041377
10.346993724987053
10.34731216273224
10.347393723032019
10.351393724939367
10.352830483018456
10.354593666100948
10.355291757037383
10.355311975276855
10.3573937793432
10.360646588488992
10.36257324669702
10.364552862861864
10.36497323437078
10.36569154354669
10.368871329336493
10.369332389077943
10.371752872374763
10.371806081458704
10.372769070059038
10.373107794871856
10.374091796563896
10.374132499101547
10.374993724033377
10.378132382426069
10.382010100947593
10.382010180191356
10.382173297214633
10.385148936901297
10.385332602878584
10.388912073880208
10.389610036697071
10.390891607225006
10.391148769949911
10.393271269401346
10.393352919673724
10.39371212878472
10.39417329578412
10.396071265252862
10.396891546622287
10.397352988025043
10.399291642150043
10.399332541918238
10.403250927214627
10.403312065487878
10.403373357197463
10.403691799711023
10.40571196736136
10.405712071639076
10.40613261208154
10.407352979680393
10.411712066155443
10.414009914803511
10.417773352381406
10.418430501230347
10.418491639503596
10.418850991322095
10.419332441216802
10.420152925181194
10.42017335257214
10.42213249516764
10.422573241928653
10.422932396516606
10.423148639520964
10.424973354145703
10.426871267899307
10.427291735937338
10.427312127282685
10.430552978345252
10.432952810198485
10.432952926397126
10.433250697514756
10.433311964786439
10.435651002193984
10.436226325593722
10.436850838124176
10.444552983828878
10.445352818733868
10.446891808508669
10.447691709857633
10.448932443171834
10.449230422844893
10.449928405927334
10.451026159143012
10.451650885280083
10.451712174605486
10.453691760685187
10.453712116267745
10.45496512316532
10.455732387003703
10.459711959731962
10.460850847780128
10.462071310119956
10.46289169159477
10.463785652041198
10.466112188266873
10.46857329871667
10.46971201067873
10.471332551216562
10.472132557439286
10.473989671530088
10.476850730866227
10.47811202863165
10.478552930617138
10.47885078932318
10.48045090008588
10.480532498219398
10.481332500269797
10.48152834060393
10.485352927183909
10.487271117276306
10.490173298645145
10.490471280702387
10.493589750940744
10.495712072235117
10.496091538015381
10.49960999230682
10.500369304932592
10.500532501199633
10.502891704707793
10.503332436567641
10.50493256401964
10.506071181836774
10.506830533488383
10.506912176608203
10.508010058822316
10.51329169917648
10.51365095446587
10.51695287437748
10.517712182830927
10.51923031975927
10.520132451015806
10.523528211367077
10.524810042872113
10.525446900481098
10.52660589624774
10.526708144915569
10.529312074905409
10.530532555722674
10.532369118788509
10.53283033375444
10.5329528694899
10.536789488032452
10.538871379091162
10.53927138726892
10.539352926111023
10.540112136247226
10.546830471812784
10.546944693747816
10.548850752681528
10.548912187694665
10.550030562238378
10.550348707416005
10.55211207314111
10.552132552074868
10.554071272047793
10.554471370794195
10.556112019333325
10.558112129333084
10.55925096226216
10.559969322667646
10.560430583529156
10.561826355130496
10.564071230041725
10.565271331434577
10.56775292975883
10.5692303599772
10.571312128593986
10.571712016400776
10.572707979156275
10.575271337991088
10.575867004173588
10.576091638716814
10.57769175901626
10.581291707163505
10.583250840818305
10.58375287332844
10.58409175455783
10.58447132878813
10.587169057494377
10.587332559442004
10.588830423011784
10.590789630859163
10.592789734898462
10.593291603243417
10.59438156608778
10.596748814983895
10.596912011250934
10.597291701679877
10.597630308505911
10.598810104070877
10.598891702204396
10.601169199128996
10.602924095546383
10.606450741165911
10.606450753682886
10.609087585736686
10.612091646942256
10.612810161097316
10.613332500627426
10.618091596472327
10.620010149152543
10.622091585862703
10.62247121521209
10.623087548618198
10.625691652592776
10.626532444173193
10.627087716761679
10.628748628839812
10.631250957851414
10.63165090316148
10.632091748835784
10.63213244898925
10.634789686097463
10.634871174588849
10.635148958955016
10.635312025627574
10.636010134132173
10.636071174088173
10.637026471230486
10.63812433230016
10.64081005526988
10.64211207612134
10.642932503178503
10.64407133074316
10.644781369912852
10.645291586911744
10.645344861247562
10.645712072831166
10.648471163550068
10.648471384622477
10.651230532844654
10.65171212544686
10.655609906983381
10.660050942854882
10.666246574827609
10.670430364840938
10.670789537906332
10.673209887123114
10.673405925879882
10.674369341097403
10.674430479370653
10.674912019834004
10.676728530300446
10.676789707003485
10.67809159647233
10.678891592562264
10.679250851427932
10.684891648158194
10.685826261104783
10.686932503297717
10.687548694592367
10.688769047290062
10.68889176626418
10.691589770252648
10.69272834367953
10.692871276124752
10.6949121354366
10.69518961412218
10.6952712122557
10.696030578808468
10.696471281775272
10.703406042957386
10.70358946671783
10.705989476445307
10.706091699796367
10.707291648944972
10.709630419697767
10.710740400631654
10.711609996240725
10.711650807228414
10.712071322040883
10.715271275123396
10.717303815270396
10.719291758944731
10.7199895161864
10.72043051589309
10.722850915177776
10.723230526049722
10.726626210733508
10.727128529537508
10.728030413212784
10.729230326911829
10.729271162024189
10.730091707664183
10.73118962413576
10.732112131836477
10.73561008990881
10.736430471383626
10.739250852620025
10.739785497606787
10.740267156652967
10.740871169701268
10.7458874208357
10.746850896223496
10.747528386067069
10.748299786057316
10.751650912102175
10.755671275552547
10.756471341066685
10.756748739316409
10.757650747817793
10.75826728767796
10.760809935494956
10.760912077814117
10.761989565702653
10.762112076717392
10.76400995800167
10.764585564432233
10.764891646370053
10.766030537994492
10.76845090151639
10.769250786772098
10.770328266629217
10.772471224152786
10.773271229779468
10.777107978512543
10.779609896373751
10.780707834899054
10.781128283267545
10.78160993873745
10.783107914333547
10.784871280058658
10.78608330468122
10.786369252674522
10.78683038064809
10.789609950300752
10.789691653308035
10.790071220981819
10.791250739163196
10.79598963107374
10.798030362266015
10.798030488597453
10.799250955705647
10.800450789251654
10.800810058250113
10.802605898512716
10.803169341002038
10.803487611915047
10.804450909741833
10.806009997385132
10.808030317279718
10.808483453822742
10.8099897205695
10.812030379074528
10.8148508011249
10.816809941336212
10.818585680436852
10.820369186349762
10.820850965766912
10.822369264476244
10.824144509919677
10.825969113710194
10.826246728546765
10.827210149724747
10.82750810138362
10.827609986584774
10.828687736359687
10.831446795205316
10.83169170520847
10.83242239042691
10.83609165123379
10.83626699148972
10.837650848519228
10.838708024619418
10.838871220886451
10.839691707831076
10.840071223962052
10.844246859571754
10.844471331172317
10.844748912347471
10.84481005062072
10.84845080319914
10.849405783962446
10.851230372851804
10.853107958127756
10.855148712565844
10.856565135014725
10.85923043118954
10.859271337514247
10.861385534490145
10.864748886434656
10.864871226727708
10.867026301418075
10.867650796380367
10.868850850402731
10.869548912728936
10.86956915957864
10.87070783847533
10.874871280058658
10.87646287533524
10.878769203110588
10.88198956093428
10.883589628498818
10.885026432443068
10.886071279557976
10.887610098611093
10.889148771380425
10.891169136261306
10.89298546916674
10.895250854885001
10.898863024476759
10.899785353424372
10.899887551741486
10.900050854670425
10.900348759554857
10.900810162527826
10.903169258181991
10.903589686598144
10.904728547824217
10.904789735256088
10.904830527766334
10.907189511990232
10.907230475222168
10.908748685747039
10.910565251019344
10.913189721618542
10.913209992592922
10.913487531165963
10.915344770992148
10.916246627562511
10.917989518809003
10.919128254016874
10.919189533805532
10.920830543144335
10.92203048335224
10.9228507959989
10.923128358413797
10.924401961009405
10.924450904377412
10.924707908897606
10.926850912316752
10.927650799956648
10.928667105181685
10.928769356546926
10.928789570614075
10.933087673444312
10.933230364268733
10.935128333737476
10.936830426230435
10.937148823757699
10.937189580818385
10.937230421891217
10.937548839088011
10.939271281203068
10.939826496884324
10.941928399132404
10.94283042551518
10.943026365954704
10.94325085393133
10.944328317695188
10.946010117756105
10.948410116754744
10.948810053720159
10.949107918386664
10.950267121203414
10.950328257092474
10.950707977010508
10.95203048692852
10.953969294489855
10.954761020573573
10.954769292963977
10.958238497641194
10.958667187718909
10.959230478560029
10.959610003035653
10.960369195886505
10.961087409129348
10.964769147872289
10.965210100804544
10.966707860096607
10.966810007184137
10.967209954878387
10.969887595535694
10.96992848457505
10.969989622848301
10.970030376928758
10.971630536850084
10.973969097259312
10.97445085343065
10.975610109578344
10.977989572736002
10.979169140076001
10.980328409932769
10.980389674820263
10.981405836145704
10.984165107719082
10.984450909741833
10.984748676687133
10.988430482470093
10.990197869906147
10.991548929775867
10.991609996240726
10.993467246482515
10.993650855552575
10.995928459735124
10.996708118406707
11.000164925270486
11.000789571567747
11.00081004990546
11.001806001932128
11.001969105842381
11.00198957941172
11.002760812883023
11.0028304308796
11.006789672149976
11.008369089463024
11.008646820498235
11.009067310589987
11.009405937681603
11.01034877982044
11.010430371993497
11.012348674112213
11.018463212024226
11.020809940263328
11.026308121553834
11.026903719221409
11.027210060348196
11.028667231513117
11.028830427780155
11.029989630000856
11.031507976080675
11.031989733444107
11.03318974248017
11.03454467718101
11.034605831547509
11.03801000310718
11.03876920430268
11.039026200791454
11.039487489040685
11.040348927296314
11.040707827746491
11.041446759755758
11.042708084030037
11.042728395818386
11.046740591156068
11.04721005557982
11.049189625566273
11.049908057780149
11.049969196053398
11.049989526915235
11.051406067633712
11.05154883443885
11.05182632802559
11.052030484544337
11.052124459033617
11.052369202204595
11.052809948965605
11.053589693750697
11.054348866335967
11.054369257681318
11.05586716742949
11.056430428781514
11.057148737957423
11.058267324036796
11.058430428543096
11.059087552075274
11.059377120257112
11.059507892306957
11.06036909518507
11.060667045369033
11.063189517235443
11.064348667913332
11.064430482946927
11.069960943332525
11.07158956646559
11.071610114227507
11.072667030229454
11.074267207122896
11.074328345396145
11.075128247341151
11.077210108910773
11.077683389500693
11.080748891083818
11.080769246666376
11.081169202705276
11.08188759231704
11.084687631962764
11.084728467388356
11.084748770236011
11.088769265978284
11.088789632289677
11.089405770253382
11.090748836560774
11.093067172770064
11.093128398631725
11.093169318665502
11.093548939074195
11.09378557251462
11.094769306673047
11.096646740300804
11.099189687837915
11.099210057129543
11.10076914596494
11.101209999387851
11.101622253730843
11.1019081329264
11.102287463151713
11.103107968856593
11.104769149064381
11.105046815160945
11.105961170215766
11.106728499023216
11.107087437903186
11.108728440685477
11.109548822160294
11.111067184333363
11.113528458352297
11.117169317592616
11.117283289875429
11.117785639360614
11.1179080160125
11.117969305337903
11.118287542872313
11.120165205917122
11.121548776339527
11.12378547240923
11.124410004609217
11.124769159197172
11.126348831244039
11.127108030651405
11.127189628784919
11.127210056175866
11.130042782773614
11.130985341598814
11.131928344609364
11.132010057749431
11.13601005965678
11.137589681948981
11.137920229708412
11.139989682139714
11.140246802262505
11.140246881506267
11.143107939367496
11.144348768614767
11.147189581414436
11.151148715426867
11.151507970716255
11.151548778127664
11.152504030879726
11.1527692559647
11.153487664053907
11.155589689339957
11.156369207092178
11.158748878209217
11.159887464153067
11.159948829742005
11.160287494071317
11.161140581884872
11.161928501025931
11.161969202967537
11.164369313396454
11.166626435665007
11.166789631932046
11.168095681081383
11.1686672788836
11.171610003393283
11.172328312569189
11.177087692637004
11.177189686288195
11.177662925781329
11.181867125304212
11.183446618597976
11.184605945048736
11.184769141315778
11.185487450491689
11.18592002201786
11.185928517834444
11.18634872637028
11.188883485529127
11.189785407351367
11.192965275647984
11.193887703508894
11.194463026908634
11.196422354500516
11.198626249520926
11.202267016687278
11.204769259898605
11.205128509823579
11.205908092827682
11.205928411172543
11.206626373989408
11.208165107242243
11.211189633076458
11.2119284620001
11.2130876025452
11.213201824480233
11.213907883914624
11.213969202729118
11.21416504306325
11.214389574238037
11.215107883413944
11.215446907946887
11.216544715968428
11.216605758904658
11.219087549095036
11.220328402780206
11.220789630859162
11.22252413473911
11.222728304653693
11.224348889581783
11.226226453400063
11.226687714261573
11.227548722293324
11.23032836077414
11.23178541216414
11.232246694766138
11.232308044575047
11.233548777889247
11.2338261880599
11.234544740644749
11.234544846993415
11.235507976795931
11.23632851468732
11.236348778509138
11.237569259326403
11.239548879067524
11.239589579220986
11.239948733808939
11.240646753533035
11.242626470995354
11.242687609268604
11.248707982017297
11.249581226111903
11.250348885290249
11.250667064725336
11.251520152538893
11.252095625202642
11.252246596448886
11.252585637075086
11.252748717143481
11.252748833342123
11.253107871731435
11.253242662886057
11.253867175416513
11.257026177188013
11.257148896162134
11.2586060062475
11.259046865630875
11.259169255678596
11.260638696820195
11.261128406022706
11.262369156026207
11.263169265334552
11.264585660365293
11.265067234803295
11.265148832936811
11.266246760137225
11.267006026271375
11.269169206519972
11.271508081550481
11.27188765578078
11.272348783158298
11.272564979388218
11.27478963336256
11.275528293948698
11.276299592671881
11.277928291755247
11.279067291829731
11.279581396207133
11.280328406952536
11.281806089520538
11.282369150065739
11.282667037382012
11.282667264697695
11.282728304653693
11.282944547658053
11.283046744187025
11.283128342320545
11.283683601796007
11.283887559609296
11.284585450931
11.284842597562651
11.284944846230474
11.287108073253512
11.290687516554186
11.29112845816156
11.29262639353973
11.295087667558658
11.295867126615514
11.297508088583832
11.297908033893895
11.298348837562134
11.29902622551217
11.300226488089967
11.300442499010265
11.303487709040205
11.304328405283606
11.304381463032575
11.30514872687096
11.307148889009573
11.30748761799472
11.309128299599221
11.310267187647385
11.310328461475578
11.31160199197998
11.312606064466033
11.312903705393133
11.313928409622823
11.315887543277626
11.317108031247447
11.317446668471856
11.31748766357707
11.318646900651276
11.318667284844064
11.319128350545983
11.319908042000124
11.31996926190132
11.320063056445408
11.324728470964635
11.326267070733484
11.32950791881582
11.330944680471188
11.331446806530193
11.333046606843936
11.333148830195
11.333508039305995
11.336687457143563
11.338687606765205
11.339128452439516
11.34072835405074
11.343046837735901
11.345507877882635
11.345507982160347
11.349026332174072
11.349969206782234
11.350822068472194
11.351026436213369
11.35110803434689
11.35261826740269
11.352748776434893
11.353614171149593
11.353805825324786
11.354606015665036
11.354985516298804
11.358226411751625
11.359405900443909
11.359507869061147
11.361928405688916
11.363887660310734
11.365867089973865
11.366667178420586
11.367087646458614
11.367324287051597
11.368369208045852
11.368646659626524
11.369663173689805
11.371046862412223
11.372944551234331
11.373446757729196
11.374226382739367
11.376022236114993
11.37670791700384
11.376997531364072
11.377907937960833
11.378246850467454
11.381324249933114
11.382413841026974
11.383867235303972
11.385324418076587
11.386246646918813
11.386504053052654
11.387067026605491
11.388728353693113
11.389724316448607
11.391067088400302
11.391446795801356
11.39286296470851
11.392883341465927
11.393026387412373
11.393385660269926
11.39350802678902
11.395887447344561
11.396361033615069
11.399765047283257
11.401867220641227
11.402687602116046
11.402707931189742
11.403018071227761
11.403581562562472
11.406042628339204
11.406708085937385
11.407805968151493
11.408708095831756
11.410442746561115
11.411242694997751
11.414556916789731
11.416646641387505
11.416748783706662
11.418646699844455
11.419487509306267
11.41992836034499
11.420965106073993
11.423005870048824
11.42508749266465
11.42550797858407
11.426401805576925
11.42754883789592
11.4278263165815
11.428267069302974
11.429107984234593
11.432606042412312
11.432667180685565
11.434965231615358
11.435067116816509
11.436585397361634
11.436964989160098
11.437107980300686
11.439148835440207
11.442267122157087
11.443548781465529
11.446165154851153
11.44632835111819
11.446822201210516
11.446964965631466
11.447046648373167
11.447128467579093
11.449826471567556
11.449940517729713
11.450585538996252
11.451201640318306
11.451928461404052
11.452340435413635
11.453087511380506
11.453446864987145
11.454267280123377
11.455140669592495
11.455867081033167
11.455867228509042
11.458503925603946
11.459765231996828
11.459785420747211
11.462728410123502
11.463324121888347
11.463867139370905
11.465242811002375
11.469026269306381
11.47098552869657
11.471507925729954
11.471887555079345
11.472165029309785
11.472503888485456
11.472626244275716
11.472903859112286
11.475067247320268
11.47548760512012
11.47656506888398
11.478164968707066
11.479079520992432
11.480165088526388
11.481087616492688
11.481887493999794
11.482883456755292
11.487446702133274
11.489426325450669
11.490144617937279
11.490903990137276
11.491446816662984
11.491907983662387
11.491928357126335
11.494197709780106
11.494707926779
11.494944867092107
11.495107933764665
11.495907929854601
11.497887503417324
11.506536487372227
11.508267292759564
11.508687673209181
11.509046691332912
11.509744680971865
11.509887613417087
11.511242545450921
11.513128409956607
11.514708042381596
11.515662914694865
11.516226290144164
11.52140584329826
11.522626226990369
11.52282226574714
11.524267239309404
11.52468755629528
11.525487561921956
11.526352752597196
11.527405889953492
11.52862633353306
11.531887658164964
11.533283432150496
11.534177476609054
11.535242600972035
11.535806043461356
11.536267246819587
11.53708761220115
11.537426219027187
11.537826266826828
11.538185387157315
11.541907985450525
11.54262642302882
11.542720006067658
11.544605953989437
11.544687552122955
11.545140770576744
11.546246664204162
11.546728411434806
11.54789157491336
11.548463006166214
11.551283563175485
11.551385678389735
11.551508034776043
11.552165213427308
11.553005806585086
11.554944615934565
11.555405816312563
11.555703944057539
11.555826486945556
11.55626718991236
11.557887506993605
11.55904675956502
11.55980605967382
11.559846852184064
11.560144661731483
11.560144803842944
11.560156740498908
11.561724313229961
11.562903758128035
11.56424671121702
11.565785384582396
11.566042484156792
11.566463137191207
11.566720155137654
11.566883627282955
11.567067133267393
11.568544539361088
11.569405856053654
11.571446715365505
11.574585596618734
11.574667085110125
11.576585616332665
11.576822381751759
11.577385614806788
11.577446753080036
11.578687501891446
11.579046760757114
11.579087667081824
11.580605964003015
11.580605965791154
11.581601901724564
11.581785464302998
11.581907983662386
11.582646823314864
11.584503811074233
11.584577280434125
11.586924437674599
11.58734460392155
11.588667179970304
11.589067070161278
11.589201837474047
11.589385489146213
11.589683496520223
11.590626332102547
11.59065909174182
11.590965039630024
11.59190803997357
11.594646802214818
11.5949242359141
11.596944567133566
11.596944725934325
11.597716125924572
11.600503741844046
11.601418151139095
11.603099641973555
11.60338558996686
11.605887609125553
11.606626287593086
11.607087558274154
11.607622055502224
11.610226275362212
11.610544685406447
11.610585448427608
11.611405905569908
11.611867231370065
11.613005797644385
11.614165251618678
11.615067184452574
11.616524440821724
11.617826395542448
11.618667126639357
11.619622235805053
11.620226425222272
11.620246696196649
11.620707985951205
11.621785473839743
11.622985587749564
11.624687558679463
11.625499791115073
11.625622171626055
11.628564957811337
11.629026236241009
11.630124174766305
11.630544623134805
11.631026278604706
11.632524254200804
11.633067137916555
11.633826278628547
11.635405999237992
11.635805960641312
11.636226380712808
11.639405804510845
11.640124377048034
11.640646872711908
11.640667079030449
11.641724302501125
11.643201953478663
11.643385377239106
11.645520342422856
11.646001869207554
11.646646805552681
11.647446702133275
11.64846313249765
11.648483643304687
11.649417943448546
11.649487561445124
11.64986712911891
11.650536311152928
11.651046647300287
11.65466718581156
11.655724361911748
11.655887558178787
11.656455000638564
11.656646755798008
11.657005910385964
11.657038663468724
11.65709972579167
11.657446657146973
11.659046863842736
11.659487614776072
11.660605844824138
11.661805996567704
11.661826387913052
11.662842540893841
11.662965249139125
11.663026436570997
11.664483526390786
11.665826447323676
11.666422121254781
11.667826225416805
11.668246710144135
11.669785526217014
11.673560849786933
11.673581472307058
11.674903951230654
11.675663068414021
11.67696518817878
11.67702632645203
11.679067244459246
11.679426332603226
11.679850562941251
11.682903823662732
11.684630469818115
11.684667133672702
11.684667189387838
11.685683331356973
11.686524300498405
11.687006057861836
11.687724175767665
11.688206021315555
11.688226376898113
11.691487613345556
11.693005898345824
11.69546718607382
11.695785540402925
11.696544649837682
11.697724408447767
11.697765106813092
11.698063198199234
11.699961105709562
11.700165100447315
11.700626448897241
11.700862962279926
11.702524297995012
11.703805868522945
11.704246819071011
11.704267239309402
11.70450391415985
11.7045650524331
11.706646818069654
11.708246812037663
11.708944678325418
11.711724146084547
11.712267134674061
11.712997721888485
11.716442641285331
11.7164751989561
11.716903889033821
11.718381589766032
11.718842471663654
11.719026339326632
11.720606069472824
11.720924193788822
11.722165173805426
11.724524454769213
11.725634250989527
11.725765023039374
11.725879215202493
11.728679384129475
11.729344820866027
11.730503882763411
11.731344762528286
11.731405900801535
11.735005856101338
11.735785571084108
11.7360629008189
11.73660595255892
11.738565111247675
11.738924160961869
11.739785529197247
11.739867133291234
11.740524337855312
11.740585476128562
11.742401809033993
11.743283522436323
11.745805907906409
11.745867187695069
11.748144723049455
11.748279364344015
11.748434571221054
11.748565263491926
11.749201693291626
11.749765099422117
11.749785631090775
11.751826289595801
11.752863074946687
11.753026271213727
11.754165161050034
11.754246759183552
11.754646711646176
11.755046763022092
11.756605851857488
11.759067188148062
11.759581261561465
11.759846762807515
11.759961161111464
11.760042703247034
11.762605907453413
11.762626332460178
11.76290387103322
11.763940420440953
11.764565146578025
11.764626435903425
11.766124255679
11.767304011904898
11.767344594384806
11.768544593884128
11.772218300948186
11.772985629755633
11.774124248764858
11.776258784664426
11.776699913339135
11.77808344504894
11.779377293615385
11.780544794452537
11.78100987982486
11.781303726013055
11.781785485164622
11.782646704135988
11.784042770093034
11.784246812514501
11.784544673604731
11.784544822868746
11.784720093104427
11.784862888802607
11.78642233664954
11.786605914129133
11.78682216369
11.786903932828029
11.787005960140634
11.790985434551644
11.79128360072641
11.791344738999662
11.791426443795082
11.79278137849592
11.796340615760865
11.797344747225099
11.798658933805942
11.79968346107067
11.800124316877765
11.800944785344946
11.801181445011418
11.801765013979466
11.802597645791845
11.804177360440832
11.804246816686828
11.80440184603327
11.80454479695593
11.804585644585268
11.805683306919072
11.80580602589319
11.806985421319412
11.807654837508448
11.808605961857245
11.808626333533056
11.808646760924006
11.809365070099915
11.809785535753761
11.810063029340501
11.810361160348526
11.810503748996606
11.811826395065609
11.812985648233076
11.813283566230533
11.81344676249757
11.813765202626946
11.816124199963864
11.816504025351705
11.817805908860082
11.818985443134713
11.819026386697116
11.822401977058261
11.822626337824595
11.823385539020094
11.824822342964342
11.82486314472852
11.825006008941633
11.826422274973938
11.827406009132366
11.827446709285828
11.828585479943257
11.830822176012957
11.83182639029724
11.832144581057207
11.832842790263244
11.832965223226314
11.833385534847768
11.834352811813801
11.838063229789697
11.83896504821309
11.838985592398727
11.839622406213506
11.840185582957352
11.840605847208323
11.842965168703266
11.84304676326051
11.843703886792685
11.843920056513744
11.844124227024373
11.845283380086448
11.846165160811616
11.847005967293194
11.847026385743444
11.84958126513774
11.851303874084977
11.851385472218494
11.851406019980411
11.8517856403891
11.852177152750278
11.852462935982356
11.856042538083784
11.857785429330278
11.858463097048093
11.859744733110723
11.859858955045755
11.86014483424131
11.860883318458528
11.861765013979467
11.862679485232933
11.862924268935073
11.863283516475857
11.864197871530678
11.866985533345733
11.86700586420757
11.868565171731186
11.869826286257943
11.870226280130586
11.871622234970589
11.872381538059615
11.872883504721825
11.872883583965585
11.873344844827097
11.873385600695697
11.875406018907526
11.876626336751707
11.876638356510535
11.876985491339665
11.878401907232034
11.880165002130067
11.881704038679304
11.882985424180436
11.883961017048266
11.884144673175573
11.884226389891925
11.887622118056688
11.887687467553242
11.888226391799273
11.88890382890794
11.889385483781796
11.890124167613747
11.891344682688475
11.891344839105045
11.894340585318098
11.894565203485254
11.896156931023324
11.897006015855768
11.898034408162465
11.89940591355693
11.901242667892845
11.901765107528346
11.903459058104243
11.9057039961964
11.906503770617885
11.90729582738572
11.908164998792206
11.908585539234672
11.908793460124366
11.90886321991917
11.909724395096324
11.909785435052322
11.910740732194641
11.911724365368814
11.911805963502335
11.911920367170707
11.912605857102694
11.913663077593135
11.913765007780588
11.917785483257274
11.918226336680187
11.918842767807504
11.91900596407454
11.919303800444045
11.91937728319978
11.920124306148928
11.921005906332846
11.921201746666975
11.922083370096708
11.924544587208409
11.924863136979921
11.925724422395255
11.926104030883016
11.926332382396295
11.926524405968213
11.92690398019851
11.927099729367953
11.92999378042742
11.933263157003793
11.93530388016465
11.936165112845082
11.937765212282898
11.938565113631864
11.938822110120634
11.939283398369868
11.939960835791762
11.940503737075677
11.940605960426733
11.940801809701565
11.94248351263732
11.942556723404298
11.94284264636365
11.944165219149351
11.944503798870485
11.944565164459418
11.945838526939552
11.946585537684953
11.94658558267125
11.947120186844039
11.948442731019512
11.949201678390468
11.950144690341716
11.950842581663418
11.9510385935981
11.951201976962896
11.951687285999935
11.951724251554356
11.954936567000749
11.955242812507699
11.956226338110694
11.95650377777044
11.956944647286607
11.956985592041098
11.957385588893974
11.958259122545499
11.962279260498741
11.964144577242513
11.964144794142593
11.964565047068682
11.965283356244587
11.966483618822384
11.966699629742685
11.970965061087695
11.971303886601948
11.972401966642654
11.972565162909696
11.973683609261796
11.974401742068784
11.974781417283337
11.974924156670337
11.976965225729707
11.977303831363653
11.978156919177206
11.978544785154211
11.97886319519845
11.98040168146607
11.980442658093846
11.981344684476616
11.982503994551314
11.983246765911716
11.984524376717536
11.984924415576485
11.985765110031743
11.986618099810862
11.986761072787239
11.988985536087545
11.989703968301425
11.990544745889954
11.99124270870682
11.992165112725873
11.992781441959655
11.992781548308328
11.99376510848202
11.994144776857246
11.994565216002226
11.995805967793872
11.997703937262616
11.998524218632038
11.998883454847943
11.998883462596545
11.999173030778385
12.000022391458685
12.000462955890308
12.000565055294125
12.000863172310266
12.000924310583516
12.002936359310196
12.004401780498574
12.004524358240099
12.004944737497626
12.005757079544948
12.007344639371107
12.0097568538538
12.010332326517553
12.010822338389994
12.010944623563955
12.011479364200964
12.01406311764417
12.015385597477042
12.015683446646344
12.016067006885633
12.016320304255329
12.017079199204614
12.017283566945787
12.017365165079308
12.017479300021973
12.017512020948642
12.017581548689794
12.018875398135107
12.019871301882008
12.020124311513346
12.020565157187653
12.020965113226552
12.021683502838314
12.022822361680202
12.022924246881356
12.02365466192959
12.024144734851177
12.0242059139384
12.024483542484038
12.024565068526352
12.027005965505051
12.030144791043147
12.030985540021453
12.031405911530372
12.03212422070628
12.032544622896385
12.032544739095027
12.032903777484336
12.032924309153
12.034022284915993
12.034185481183036
12.034903790358939
12.037303993144643
12.037858997603472
12.038299825396384
12.038483510133927
12.038822130072985
12.039540472031446
12.039785591468894
12.040042790835447
12.042022342657685
12.04290384869668
12.044565059585658
12.044842725682225
12.04688334842446
12.046985490743618
12.048524351206748
12.048670971759393
12.049344732681568
12.050124366036387
12.050863094854641
12.051303987303386
12.051683356554534
12.052699758904724
12.052761183785071
12.053324368873568
12.055324199701602
12.057703926533776
12.058463189404874
12.058658770550046
12.059703946560935
12.061214047355255
12.061724410355115
12.062618164347489
12.063581382930506
12.065724319309632
12.06596105583568
12.06602209877191
12.066144741765315
12.067201696197047
12.068503888962296
12.069663000614344
12.069838693294887
12.070781252120087
12.070842765780945
12.070924363914461
12.074299669456648
12.076699877293533
12.076883601966188
12.07694480310713
12.078144743315036
12.080483461332927
12.081201752031395
12.081663034633396
12.082965172279547
12.083242527927153
12.083663138672687
12.085254969862008
12.087622218758126
12.089581316680553
12.090063093400286
12.090903938907699
12.091879451309257
12.092042602903225
12.092103952712135
12.092299941401002
12.092944686193233
12.09362209619699
12.09612442282441
12.098997565979161
12.099385487358074
12.099683374674347
12.099744641946026
12.09996098951092
12.100083404592592
12.100936492406143
12.1015119650699
12.101662936316142
12.102165057010733
12.10252421159869
12.102740454603047
12.103683564871545
12.104524376717539
12.10613665139106
12.106442517055267
12.108463189404874
12.110883552926774
12.1118508724645
12.112842716979944
12.113079331942933
12.113960952392432
12.116503821564649
12.1174588363026
12.117961120535908
12.120585540188346
12.12139780032491
12.122165064163294
12.124944633815955
12.125663089871694
12.125715932539133
12.126022362729245
12.126042551479626
12.126144636891556
12.127283524939715
12.127344631622504
12.128258905958653
12.128997736074385
12.130124270103323
12.132360887525305
12.13246308405428
12.1325446821878
12.134258937429907
12.134585541499648
12.134863020185227
12.13565477368708
12.136144687838321
12.136218265021794
12.137724199892338
12.1384221600422
12.139344788396704
12.141601997657627
12.142062927208555
12.142822199616393
12.143283408025818
12.143283420542796
12.144740754367565
12.147961017763519
12.14844256537943
12.149303825760816
12.150462974054518
12.150483424691277
12.151316061868071
12.153703794435899
12.154924263332234
12.156401669425929
12.156924309868257
12.156977221333447
12.15896516500778
12.159581324115925
12.162320045260383
12.162524215174965
12.162903932112767
12.163283617177296
12.163981395876633
12.164883397225461
12.165242744871634
12.165303883144881
12.166042669466407
12.166801935600555
12.166944797146664
12.167601934074678
12.168062973863785
12.168965115849154
12.169479396312664
12.16976511372723
12.170781432065287
12.171581322685414
12.171703841448755
12.17214469248748
12.172793618104643
12.173344688410525
12.174340651166025
12.174340757514694
12.176095502001063
12.177499676183336
12.178442808788366
12.178924258683073
12.179201807388903
12.179765170038412
12.179940562716016
12.182422381516625
12.182462946711194
12.182463174026875
12.18368346893848
12.184638506891833
12.18566299691886
12.186903982582695
12.187201792130114
12.187483359001028
12.18937713663318
12.189960888526663
12.191242720031704
12.19189153572392
12.192042506970164
12.192422302868913
12.192842514981027
12.193038573407334
12.19488357688784
12.19547918556707
12.196822087709286
12.19792401020303
12.197940693741007
12.200238408339448
12.200434607341473
12.200761011826895
12.201581275314927
12.204299712058766
12.20438157088657
12.20440185616606
12.20629995999765
12.207181537845036
12.208822240311164
12.208842594701625
12.208924208928401
12.210617976609285
12.21139790130916
12.211683566302053
12.212699614722311
12.213377370907404
12.213724318952005
12.214148705645776
12.214720136898633
12.214740518111189
12.216740626918854
12.216781384575595
12.219303777198233
12.22120174666698
12.22206302790999
12.222299843083755
12.223479512317285
12.224381361452274
12.226124256871092
12.226413871231324
12.228165116182945
12.228259032290087
12.228475281537724
12.228504002776752
12.22922223001148
12.230740589800366
12.23183018089423
12.232720267923625
12.23294473952418
12.23330394863518
12.235662986786073
12.235663037136787
12.236042619711736
12.236483366472747
12.23731622230734
12.237622170195543
12.23770384609792
12.238924361768696
12.239173189831545
12.23975700430991
12.2411201580702
12.241581366479625
12.242279304575765
12.242524315876405
12.242842747065087
12.244124315804877
12.244503885862851
12.245303787211814
12.245303891489534
12.246862934742579
12.247344744840916
12.2494630594304
12.24966312663255
12.249683517977893
12.250760941806648
12.252434411095017
12.252977472654596
12.253181568407015
12.253601734653966
12.25545896820646
12.255683355481652
12.256903941768725
12.257242578993127
12.258022321080803
12.261724315018098
12.263181492143486
12.263344688410525
12.263458877593413
12.263973256656987
12.264062985665506
12.26556100982418
12.266062981254759
12.266463087749765
12.266503994074476
12.266760872576466
12.266883555787794
12.266924374524088
12.267181507446669
12.267601876288587
12.269356772705972
12.270381445941249
12.272063036850685
12.272883418325502
12.274503832531902
12.275520262896281
12.275520273625116
12.275818145444179
12.2760631513804
12.276083506962955
12.276475073847175
12.276544691843753
12.276801816138866
12.277242656448756
12.277683409170226
12.279724268482076
12.280524264572012
12.284063040784593
12.284422318410515
12.284483456683764
12.284589453912108
12.286197713714015
12.28638132902735
12.286883462834965
12.287099601561609
12.288483578962085
12.288524263022294
12.28890389237168
12.289520225777792
12.290760855410323
12.29124270513054
12.291683462024341
12.292414177923966
12.2933039361182
12.293410081670865
12.294361015689278
12.29440192618631
12.294503948134501
12.29472023342774
12.295181305999401
12.296238541077773
12.296381305498722
12.298944743577295
12.299356857596973
12.300617980185562
12.301520204677749
12.301663129970407
12.301683400944786
12.302483511445224
12.302679363700285
12.303112131204085
12.303377471891654
12.30612827622827
12.309140622341216
12.309201760614464
12.30945908421108
12.30962237970465
12.310401914742215
12.31121404707244
12.311724264071335
12.311724369541139
12.312740461755604
12.313242668250474
12.313940645372453
12.314063188260464
12.3147407740371
12.31490384070966
12.316442550716687
12.316793441885345
12.318042760988726
12.318442609173633
12.318679246786386
12.319561140133915
12.320340730290578
12.32040186856383
12.321561081796176
12.32220975154825
12.322320198979545
12.32329579420114
12.323663047507994
12.325120328597865
12.32806319970456
12.32882217744347
12.329581428393643
12.330740657123199
12.330862998921573
12.331303833867047
12.332299796622546
12.332658875229786
12.332679251987198
12.332822297933646
12.333520018533664
12.334740436483235
12.334863155457356
12.336136514361213
12.338842665317928
12.339560957804531
12.339642564282705
12.339838603039475
12.340883524629776
12.342503841711018
12.342813981749035
12.342842664245039
12.343242701315846
12.344063082790662
12.344422237378616
12.34610769367367
12.347520092845446
12.34781829117631
12.350238657082393
12.35088760055053
12.352258938264372
12.352781431230822
12.353242774316328
12.355201724449651
12.355622290208885
12.355952827239484
12.358401892926915
12.358463031200163
12.35928341982754
12.359654852454007
12.361622291281774
12.361703889415288
12.362801780570097
12.36312003121753
12.364075367072449
12.365038720331555
12.366218236441979
12.3665243183798
12.366842659595878
12.37002214387742
12.370761044892268
12.370822183165515
12.371181585334735
12.371960938638964
12.372291381555048
12.372401952933588
12.372422153604894
12.372658975931223
12.372924318093698
12.374761142136636
12.375622393890552
12.375769092464454
12.376063096857356
12.376760899681368
12.376822229820744
12.376903890821955
12.377173077791245
12.380299647596948
12.381499919994301
12.382699772017752
12.383736492429984
12.384197745825707
12.385283470059047
12.385581291527393
12.386422193345988
12.386842558894445
12.387181468420833
12.387242606694084
12.387715976690972
12.388001924684277
12.389736428250993
12.389940527266463
12.390659106956212
12.39099755083958
12.3912426223105
12.391622276976655
12.391683566302055
12.391703892991568
12.392136345934913
12.394463090372374
12.39480185361498
12.395601951598447
12.395663139030313
12.39570383918378
12.397307914780614
12.39762230129535
12.39787934603347
12.398218201350048
12.39888357402682
12.399961003816033
12.400042601949554
12.401703893587616
12.40244273025986
12.403757043737766
12.404238570522466
12.404360955801813
12.404936678713831
12.406218174766376
12.406699833812556
12.406720344619592
12.408862977106276
12.409561001598739
12.410116125832491
12.41130394291313
12.411703946918564
12.41396106322666
12.414691701953473
12.414732463216904
12.415201724449652
12.415283515641393
12.415458824024045
12.416360979405255
12.417960879228342
12.418442613345961
12.418560735550535
12.418875431513705
12.419642760321155
12.42044277846481
12.424063148638586
12.42583839229388
12.427242612654545
12.428279549057589
12.428422242862242
12.430699900658553
12.43120180417025
12.432801802906635
12.433079467215064
12.433920150941484
12.433973385938234
12.433993620301381
12.435683463931687
12.436381524469756
12.436883521530332
12.437222128356373
12.438483410028537
12.438842668894205
12.439283520528974
12.440340696629159
12.440381379497275
12.440422353458052
12.4405038928962
12.441581380784733
12.442515915396841
12.442867171133024
12.444340575781355
12.445634424347803
12.446042573533347
12.446360907000821
12.446442722630467
12.44714051205864
12.447279249256725
12.447560960427134
12.448042615897037
12.449111901415426
12.449540591493141
12.449920081711301
12.45083449100635
12.451038455972194
12.452177437852054
12.45286304486155
12.45307929442242
12.455961109762676
12.456022200665435
12.457038395369477
12.457683416322784
12.458197807024472
12.45886315021215
12.459201711455838
12.459601969003
12.462422137511645
12.464463039425604
12.464483466816551
12.465683517262638
12.466148663118474
12.46615679785256
12.466679536612133
12.466883466411245
12.468340448690267
12.469283468390115
12.469663036063904
12.470299787324224
12.470842554245278
12.471201813707
12.471663139507156
12.472340510485079
12.47438150594792
12.474462994439307
12.474863092589665
12.475038511493313
12.476618291080944
12.477981297678593
12.478842770787733
12.480022333359358
12.480401875120338
12.481009942379325
12.481071273680374
12.482422333550096
12.482761156084123
12.48327935037416
12.484095486742273
12.484373189763307
12.486413997219115
12.486801863509353
12.486916085444383
12.487622132361805
12.488740584078322
12.488822144378098
12.490577187079266
12.49107947369676
12.49114064236838
12.491961123948581
12.492679405706356
12.492801717106358
12.494042663744366
12.495201907375085
12.495499854578814
12.4960222888499
12.498834283315801
12.499940714364215
12.499952651020186
12.500401975225726
12.50046298716754
12.501520223751236
12.502699668649306
12.504042621738293
12.504320360522113
12.506259047712481
12.50644271368977
12.506516065658927
12.506638493257576
12.506801964806831
12.506863043788664
12.509336615798455
12.509634349395574
12.510022184691394
12.510381357756787
12.511099776261599
12.511283520290554
12.512258880761097
12.512279471721172
12.512801706973573
12.51396116094786
12.51482223959591
12.516320350150904
12.517181525328064
12.51724256528406
12.517858825093644
12.518197862426375
12.518720066714772
12.519540635287347
12.519622190818751
12.520401752961225
12.521581389725435
12.5240631462544
12.524483468008649
12.525418080955241
12.525622355460765
12.52836086714052
12.528361169244823
12.52846309049158
12.529181399667488
12.529266902808509
12.530422242623825
12.530455002263094
12.532320163529985
12.53276112659503
12.532822176966635
12.533458978577665
12.533581487804264
12.53435295778435
12.534442712736096
12.53674047765484
12.538638668792036
12.538781495767449
12.538822246271627
12.538863093900964
12.539246581139775
12.54242223821308
12.54269973179982
12.542895552494832
12.542997862807846
12.543181286568284
12.544463097524927
12.544659037964449
12.5474179660235
12.548422238093867
12.549140727811027
12.549520302041323
12.549581440314572
12.550332220482108
12.550340595927725
12.550740590396412
12.551960929102222
12.552781552793885
12.553201864415342
12.553944598285653
12.554577317075776
12.555581448540012
12.556895635120853
12.557601813420892
12.558361018192675
12.559418146326324
12.561140485951805
12.56241406175574
12.562638547348179
12.56278149827084
12.56282234590018
12.564042727208099
12.565295701636353
12.565499898373025
12.565663094640064
12.565891538823356
12.566218030583967
12.566401819882035
12.566781436714448
12.568258811530912
12.569716188836663
12.570340533656076
12.571222349547984
12.57152026754544
12.571622294858049
12.573622189149823
12.574842669967088
12.575050590856778
12.575601769269062
12.575601871162586
12.577859134350508
12.578095723996727
12.578177497903123
12.579377168506458
12.579642669752513
12.579920208325554
12.579920222630664
12.579920287569315
12.580638678373171
12.581961081942515
12.583099846043432
12.583940576544295
12.58404272243973
12.58442234284842
12.584895762852385
12.585316252944134
12.585479240686155
12.585560931176465
12.585797779728832
12.586381348696882
12.588340500829124
12.58921385396982
12.591079491578153
12.591140586057195
12.591181376779303
12.591201924541226
12.592197867627187
12.592258840543167
12.59249565750507
12.592589513128711
12.592781536700627
12.593242668250475
12.595099782341272
12.595263095403002
12.595858808955992
12.595920218935175
12.596250911159835
12.596299931104607
12.596340559166865
12.596442666319284
12.596801820907235
12.596834573989995
12.59749971222894
12.597859107528414
12.599663041428323
12.601561010897068
12.60160190708898
12.602279414813946
12.602422243577497
12.602442611080985
12.602638451415114
12.603601777852127
12.604042719459498
12.60427943691206
12.608042721366846
12.608361076291995
12.60899760142872
12.61103860969135
12.611940486810115
12.612063044003243
12.613140749387902
12.613356760308205
12.613597462042446
12.614699861751928
12.616699798363
12.616761098700053
12.617140654170097
12.617944416732351
12.619222243124499
12.619646473462527
12.620401752961225
12.620720103118005
12.621193697733164
12.621499943240115
12.624426380339386
12.62467117480078
12.625520325763972
12.625601932838187
12.625675124531679
12.62632021101968
12.626801873046096
12.62752008628894
12.628022287419386
12.628401868802245
12.628536391231155
12.628793633482642
12.629858936285498
12.630426219692115
12.630618239374527
12.630720065880306
12.631581546142005
12.631622302010605
12.633140537256198
12.63356110957194
12.63413643297168
12.634279228669861
12.636054692801512
12.637520318969042
12.637561017334368
12.638659097375074
12.638822293642113
12.639940739994216
12.640658872801204
12.64160181592429
12.642197718363175
12.643079431765507
12.643377434653955
12.644299824681125
12.644361067828136
12.644801915886624
12.645601817235589
12.64575695562812
12.645924168868152
12.646515900614887
12.647838513305292
12.648075273673198
12.649503896644132
12.64958154041996
12.650711792328224
12.651418140723488
12.651520056605824
12.651601868063144
12.651622198924985
12.6520139856591
12.652577286633008
12.65287523054328
12.6531815064486
12.653818185900526
12.654442620975356
12.655038715876415
12.655099646786326
12.656271109477375
12.656401761186668
12.657499839439238
12.658454841943033
12.658638382184932
12.658760955158089
12.658969084855613
12.659479369207757
12.659540682657832
12.659818293635306
12.659960907882967
12.659981489902346
12.66278132993334
12.663736329770133
12.663940697511306
12.664022295644829
12.664381552722359
12.665430161510804
12.665532528700625
12.666279522191102
12.666528432447528
12.666597602430075
12.666781329456505
12.667075138320325
12.667099921234081
12.668054804558999
12.669193490042613
12.670157068485615
12.670658911230992
12.671140673049562
12.671838404378414
12.672014210277364
12.674801766622613
12.675479348822966
12.675581481605382
12.675961017405891
12.676401863080196
12.676801921608671
12.677079469122413
12.678781351271804
12.679581439718525
12.679756889303356
12.68023856146256
12.680320248376589
12.681560920924465
12.683769151681053
12.683838679422214
12.683961123710166
12.684340732197926
12.684695638743
12.686381442245764
12.687242617422918
12.687940633570733
12.68823048174233
12.688271177753887
12.688381388080346
12.688381444987574
12.690022187075579
12.691818107491224
12.695328102324915
12.696720131012974
12.696781496601913
12.697038667075416
12.69827941231055
12.698801869827445
12.699418314350595
12.69975707163274
12.70072021395223
12.70080181208575
12.700977354340598
12.701879275849613
12.702401817974687
12.702842671397601
12.703920135161463
12.704340706285114
12.704360951629493
12.704361057099295
12.704740640866342
12.7050792608054
12.705581439599314
12.705920166200276
12.706320311721115
12.706577402354815
12.707140504906082
12.707418119742654
12.708442670253188
12.709160979429095
12.709275294913008
12.710299658325786
12.71156106184383
12.713173268315654
12.713479513822609
12.713593781622802
12.714136492263096
12.714495592641232
12.716495823860411
12.7175611180358
12.71825900518518
12.71992021488206
12.72067922659562
12.720805790346134
12.72103857483784
12.721099636534328
12.722720150250073
12.723181393230185
12.723181448349276
12.723357007859054
12.724516003625698
12.724618252293524
12.724658799323883
12.724720320137296
12.725418144418976
12.725418250767644
12.7258097974167
12.726054696377792
12.726618074211276
12.726801772344658
12.727201918461548
12.72958134199732
12.729622194395034
12.730136375349195
12.730638667957567
12.73078134507292
12.731079511247687
12.73152015730726
12.731716274115698
12.732401764047694
12.733499874769585
12.73356101304283
12.735201927044615
12.736393620492114
12.737038457923946
12.73709989651336
12.737103807420494
12.737181494646876
12.738022243625181
12.738618033441698
12.738679359408753
12.739099707389045
12.739552901718161
12.740740695866222
12.741483467226624
12.741560924500742
12.742393556313118
12.742761078032448
12.742969028976871
12.743459040849313
12.743756925185355
12.744116066660284
12.744997774102151
12.745479217440344
12.746822295072624
12.747450748029722
12.7477161572018
12.748022299936366
12.749920269405106
12.750740550774529
12.751140747242136
12.751512100594425
12.752361068662598
12.755459064139524
12.755838447412968
12.75592011048514
12.757161069640116
12.757581338659461
12.758136582041669
12.758259092773596
12.758340690907113
12.759499849929655
12.7595609715136
12.759736462508455
12.761920166081063
12.762197887579534
12.762720178264253
12.762773253894618
12.76373631546502
12.76399378085986
12.764659055249796
12.767960906929295
12.76805493089043
12.768659128056257
12.768997585335464
12.769940695603962
12.770618086534233
12.772340527457194
12.77234064365584
12.772638700784519
12.772679493294769
12.772699682045147
12.773181445369046
12.773520115062775
12.774303708200543
12.77574872226355
12.776422246080893
12.776781400668845
12.77810800319692
12.780617984640706
12.783499797313961
12.783715967035016
12.784095611851198
12.785079290607722
12.785899939020105
12.785961071332887
12.78755269402761
12.788699738237119
12.789377175659014
12.789479330181921
12.789920076942932
12.790075329745966
12.790699842276418
12.791099891864194
12.791973063271554
12.792258986230905
12.792291673465733
12.794361112814435
12.79451603669107
12.794658922361851
12.795120104262411
12.795254866806806
12.79609569891838
12.796536526711293
12.796761132674707
12.7974180187584
12.797830317491648
12.798361021768955
12.798618018257725
12.799079306506956
12.799201822886115
12.800259043972595
12.800299645212764
12.80110362586719
12.801140591421614
12.802475395754206
12.803079426997133
12.803479468240262
12.806299679947063
12.806997693114646
12.80952030442551
12.810720268475272
12.810781445774355
12.810997885099983
12.812761015760806
12.813560917109768
12.813981386935936
12.814699696111846
12.815601874738867
12.816022246247787
12.816299724933364
12.816434267031806
12.816740555423696
12.817581392586458
12.817920256530499
12.817940647875847
12.818997720294364
12.819377226292554
12.819450748670164
12.82099765599616
12.8239404853796
12.824156806748858
12.824197757150593
12.824340496537593
12.824997824139636
12.825838454848347
12.827418028577965
12.829181394303072
12.8297896897566
12.829797859687847
12.829858997961097
12.830238526609046
12.830577334241912
12.830740530508953
12.83269979347542
12.833059066332972
12.834528358240972
12.834536419095716
12.834720064807428
12.83518150442204
12.835756731292665
12.835932411769464
12.836034439678118
12.83841392608158
12.839756745120946
12.840401869755919
12.840834602719438
12.842352632733482
12.842691477290812
12.84325496862552
12.844197565880506
12.844320281278353
12.844320284854627
12.844340636860908
12.84448757492382
12.845479419439267
12.846381492000432
12.846871026191835
12.847091737906993
12.848238640348693
12.848299794715194
12.848589370645639
12.849940599670894
12.850340654027047
12.850536642715912
12.851038622208328
12.851201818475369
12.851920127651274
12.852536550120707
12.853711924536928
12.853740489733449
12.854361124139318
12.855316162688716
12.856740708860034
12.858055031874684
12.859173193721054
12.859748666384807
12.860360963431212
12.860805836211297
12.861377267464153
12.862577148097833
12.862761078032452
12.863099750110367
12.864181140935447
12.864373352705972
12.864679300594174
12.865099786513598
12.865483346752887
12.865552987682037
12.866495539071865
12.866699890719786
12.866895639889224
12.867858877232502
12.868638496878257
12.868699693846867
12.870556842791181
12.871099795931132
12.872279448475359
12.87234058674861
12.87255709073007
12.873071001796848
12.874197651397967
12.874638637678403
12.874740592899807
12.8768751073417
12.877377456826885
12.879377398489144
12.879634501639819
12.880597720222838
12.880997648843605
12.88196096276364
12.882299903880494
12.882320117351592
12.88253636035595
12.882977393128016
12.883038436064243
12.883932204078913
12.884001822075492
12.884299709391758
12.884360976663446
12.885520226254627
12.88680187364214
12.88817733166699
12.88823846994024
12.88855697381617
12.888781445416727
12.889499877630605
12.890638492184694
12.891483196521213
12.89152017101633
12.891961022055053
12.893940686186426
12.896299688291714
12.897418072372172
12.898087311626648
12.898218089323732
12.898679371925725
12.898968940107567
12.899356941609106
12.899581499605985
12.899838698972538
12.90025886521949
12.902075171020016
12.902116098771982
12.902699756833767
12.904740539568861
12.905430320563962
12.906014135042325
12.906781398880709
12.90707943069262
12.908075110417302
12.909552763182983
12.910557049558468
12.910630387222511
12.910760971608967
12.911838509848225
12.911899859657133
12.913418003141985
12.913859026973352
12.915720190162814
12.915920329769405
12.916013903271494
12.91607542107426
12.916618036064305
12.917099741884925
12.917275209351153
12.917952829698482
12.918528302362231
12.918679273608475
12.919181394303072
12.919540548891025
12.920197591987344
12.920361066516831
12.920761022555736
12.92131610566228
12.921479412167495
12.921520318492204
12.92304267643299
12.923458854347606
12.923458946704388
12.923716009323904
12.923993644426055
12.924279451813224
12.925561020553017
12.926556983308515
12.927899742743232
12.929018133380199
12.929099731513718
12.92971600832583
12.930169261602714
12.931099831380687
12.931818140556596
12.931920212855506
12.932577352480935
12.9325774588296
12.932720218482185
12.936679510103279
12.937038558625382
12.938320129153313
12.939316236687269
12.940556916387706
12.94065908283154
12.941458942770481
12.941960971108294
12.942732269831472
12.943038436064244
12.944197691019847
12.944320268761375
12.94436096891484
12.944638635011403
12.94572006031594
12.946014073366722
12.946209893435276
12.946679257753642
12.947140549892385
12.948320260535931
12.948618212194805
12.948915953823345
12.949140642010748
12.949377224817644
12.949377329378171
12.949479421346615
12.949561019480132
12.950128237038827
12.950659004183825
12.951275274722242
12.952156794470303
12.95245487572366
12.95312027820275
12.954381448444645
12.955862917406908
12.956116214776602
12.957499835862956
12.957520106837338
12.95867130865638
12.958997713141803
12.959667212403284
12.960977364160154
12.961397904602624
12.9618589324708
12.962495671810188
12.962618272201476
12.962936600617766
12.963377292259686
12.963450572450867
12.963940645372453
12.964536661312563
12.965418239159947
12.96545890267176
12.965859023158655
12.965920161431903
12.965940651094494
12.969634602624073
12.969952924766659
12.970279331636275
12.970577161449269
12.971479367777246
12.972385406960688
12.973756860529521
12.974299789827617
12.974577223244081
12.975397753073633
12.975458891346884
12.975859054749119
12.977397787688725
12.977654908124745
12.97767524582591
12.979336382552722
12.980381448325437
12.981818253178961
12.982320220437215
12.983079524122289
12.983275207160986
12.984279360052485
12.985071113554337
12.985818270866337
12.986095865750553
12.986495733604993
12.986666912871256
12.986711982852635
12.98674070409166
12.987140539759595
12.988466882280667
12.98992017824041
12.990328207755926
12.99147926707581
12.9919733364524
12.992095850730186
12.992764824239194
12.995940595975409
12.99754473111605
12.997993705624818
12.998238715733367
12.998454681071319
12.99872016562807
12.999079407208393
12.999140696533791
12.99934851195368
12.999438561796346
12.999479284003527
12.99956107698341
12.999879313921776
13.000732401735327
13.001397719293005
13.005818009293186
13.0063935612007
13.006997606718324
13.007699760745313
13.008259098734056
13.008299908529654
13.00899766398318
13.009458911135619
13.010258882191607
13.011111970005159
13.011214173969504
13.012638421926026
13.012875367007501
13.014095579977925
13.014238598819466
13.014299737092712
13.016495787814806
13.017226156371427
13.017254745631785
13.01741817545779
13.01747931373104
13.018761073144868
13.020197771932544
13.020279371854205
13.020997662552668
13.021418193458395
13.021858984013608
13.0222099579719
13.024279368993176
13.025050880383285
13.025511841868319
13.025838577603498
13.025940546220735
13.026597843737646
13.027140650593818
13.028279483522894
13.028618147256156
13.028761023986243
13.029356902583272
13.030332497804869
13.030413883554278
13.03167536183053
13.03194060062457
13.032740596714506
13.033756964211188
13.033756974940026
13.034054846759089
13.034299852695312
13.035891410138152
13.036014174350973
13.036618131997374
13.036899698868284
13.038218069371384
13.038764978687587
13.038793476500436
13.039099684143233
13.04130787559117
13.041458846837418
13.041858836537735
13.04225885484828
13.042259082163966
13.043038617201535
13.043140594163425
13.04343020852366
13.043479377075567
13.044434415028926
13.044895525434322
13.045512071820587
13.04593256191234
13.046238427576544
13.046556778329366
13.046577347831773
13.046699890719786
13.046720280276991
13.047340350070286
13.0477569270927
13.0477978268609
13.047961023127938
13.048679320382915
13.048846518186565
13.050177351694153
13.050679463448049
13.050997615182185
13.051646782985776
13.052218211006
13.05263862750122
13.052679324078404
13.05349970376508
13.053716051926017
13.053973107423387
13.05467948502493
13.056197578755114
13.057499753042915
13.057757031057182
13.058258934568885
13.0592956418681
13.05975690599266
13.060034316476537
13.060136597613692
13.060916065015194
13.061348832518995
13.062115954589567
13.06232012450415
13.062658993812613
13.063565045513034
13.064136476765889
13.064156857978446
13.065459000392964
13.066658841687575
13.068720117065492
13.069450748387348
13.070618086534235
13.07119380944625
13.0713772320146
13.071479367777245
13.071952616807115
13.072475305498793
13.072495522859402
13.07297747535201
13.073140597739705
13.073520227089094
13.074136560495205
13.074136666843874
13.075450684208356
13.075479262426649
13.077891621404984
13.07857743160549
13.078638569878738
13.079797640716816
13.080989593949322
13.081479306697693
13.08221829084581
13.082475269453187
13.082618110137673
13.08307931854709
13.08307933106407
13.084817866282949
13.086299901019466
13.086462798358578
13.087038510062802
13.087397783233586
13.088589529698801
13.089173045962362
13.090536497937455
13.090997706346876
13.091520169824236
13.0916874450531
13.091838416299346
13.092291554913325
13.09274064766127
13.092834482736516
13.093099856772266
13.094258993741088
13.09437321567612
13.094536679790005
13.09469974646256
13.09472017385351
13.095830381789856
13.096279274609834
13.096340598788743
13.096617997038472
13.096720220389534
13.09677313185472
13.098720269905785
13.099520175427072
13.099736424987938
13.100177281673904
13.100230516670651
13.1014997939761
13.102638655202172
13.102699842634046
13.103397666319685
13.103777306397907
13.10417748021575
13.105038655392908
13.105099695348905
13.10509979962662
13.105993620659008
13.106054992491222
13.107397844595953
13.107859105457466
13.108067072777953
13.108699799316677
13.109124301865439
13.11147947563124
13.111499751970033
13.113254878370107
13.113397642791055
13.113536379989142
13.116177212443716
13.116373194889304
13.117295586704614
13.117634317477894
13.117818229217892
13.118034530917626
13.118434568584473
13.118740650522295
13.12009555215776
13.121520223155185
13.121993503745108
13.122495533275009
13.123275421646463
13.124177270781455
13.124258899000118
13.124454937756887
13.125891413714433
13.126218097906802
13.126258995886856
13.126679463924885
13.129418286649644
13.12975679904794
13.130895677246132
13.131520276486135
13.132597706275352
13.133859095205462
13.134005793779366
13.135275096088344
13.135458946465972
13.135614053581266
13.136393746197085
13.136515941428867
13.136875272981785
13.13741820585616
13.137719920724305
13.13773660426228
13.139336536271875
13.139357047078912
13.139736621309213
13.139818059167066
13.139838506510365
13.139932308833464
13.140177195277582
13.140218256826769
13.141377185836205
13.141810088016086
13.14243444714062
13.143458954452992
13.14392022513406
13.146238625999185
13.146258682653807
13.146320224132705
13.146597765685975
13.146977448366313
13.147328404412795
13.148320171159382
13.148618084388465
13.148895808271122
13.149316133914882
13.14953648110658
13.150936544545006
13.150977491087634
13.151038613267632
13.151099740812045
13.152095703567538
13.152671127951534
13.153099844255292
13.154638478594832
13.154659062402356
13.155418299643458
13.155544616095526
13.155859002610258
13.156148605019153
13.156454902664956
13.156577295096865
13.156699851097903
13.157038488322312
13.16023868302562
13.160679431574774
13.1614590381075
13.161789412508655
13.162095753605024
13.162279419582314
13.162332457974985
13.163173380028743
13.165377197280295
13.165858890583939
13.1662097817526
13.167295796138902
13.167850701967255
13.168075453618398
13.168095586653642
13.1683528271474
13.17009569069294
13.170658945488455
13.171038528063402
13.171626091415506
13.171993767419627
13.172516178444893
13.172895623989993
13.172969164531816
13.175479368492502
13.17550387359234
13.175838530233008
13.176238458853776
13.177112132828615
13.178238517310724
13.17867947977972
13.179079425089785
13.180320173901196
13.182075215097038
13.182238636012766
13.18293635840092
13.184156776350491
13.184299796384128
13.185295799357554
13.185552854228469
13.186516250372494
13.18783852045785
13.188107977284105
13.188597812221994
13.18865888285918
13.189258969951675
13.189459037153823
13.190834509483793
13.191071054143713
13.191316168529973
13.191499852671466
13.192210087253144
13.192230321616291
13.192557028771652
13.192720225038695
13.192773383175867
13.192785429756787
13.193205991000047
13.19383856711308
13.194054820250225
13.194197835515492
13.195524033540925
13.19857739794407
13.19865905477296
13.19934879793432
13.199716109310085
13.20060172885118
13.203254788114688
13.203858896186777
13.204258943986414
13.205079377004044
13.205356920345455
13.205515950571634
13.206977417967945
13.209071192321264
13.209152683227249
13.209254993540261
13.210414139166966
13.211479473247046
13.211858947371962
13.212536371084788
13.213038577579653
13.213038682453414
13.214324252072947
13.214773030512841
13.214895683325805
13.215316184146388
13.215397858543438
13.215879417484233
13.216270984368448
13.216373319402184
13.216589351214528
13.21659772666014
13.21783867031791
13.219552787903702
13.220299798649107
13.22137728653764
13.221377293094154
13.221499800532612
13.221707721422305
13.222005660877432
13.222075315798476
13.22291593935462
13.223858951305866
13.224218228931791
13.224385364433385
13.224556842627573
13.22473258565883
13.224834628468644
13.224916237927046
13.226177239548626
13.226577338891074
13.226679373356239
13.226895512082882
13.228536488639133
13.229715987464207
13.230556765931599
13.230658908250756
13.231099849858127
13.231756846776054
13.232177295144552
13.232218061741984
13.232454784558966
13.23247516131638
13.232618207262828
13.232658950614455
13.233614085692967
13.234156926210554
13.234516143949016
13.23463856916348
13.234977216520676
13.234997631394648
13.238997617208742
13.239152768118243
13.239246643694234
13.239356867133715
13.239438667266151
13.240197879786534
13.240413890706835
13.240618191407993
13.240732468744929
13.241516051689072
13.242299751040198
13.242609891078216
13.242908041725359
13.24373647872092
13.244116265082926
13.245634299238874
13.248218141462589
13.248936532862492
13.249079374143019
13.249377343683289
13.249458941816807
13.249736435403547
13.250034566411571
13.250197825263493
13.250638459998186
13.250834564885695
13.25087511370419
13.25093648823382
13.251009957593714
13.2511528935848
13.25149980112866
13.2525774561626
13.253736555893724
13.255499747320867
13.256177431414752
13.257397716789615
13.25816892255996
13.258279316973534
13.258454998359607
13.258475157307661
13.258515971275587
13.2586385758392
13.258638676540635
13.259079329156721
13.26013664081185
13.261356913073687
13.261356992317452
13.262557061837025
13.26259768989928
13.263091704722411
13.263377244293153
13.264601547297875
13.266936419003635
13.267418038114705
13.267850828298686
13.267977075417788
13.268157073805638
13.270516173036082
13.270536567644475
13.271418198226767
13.271838522961245
13.271883283599093
13.272197862262768
13.272618081527446
13.27331592905494
13.274054732661812
13.274536347004512
13.274557051465814
13.27519352179668
13.275254732161136
13.27655680901055
13.27669980015114
13.277295740423767
13.277655037719223
13.278658998461776
13.279438474803976
13.279614194619839
13.279854592774859
13.28215700450064
13.282218142773893
13.282638574766313
13.283038611837116
13.283858993311934
13.283859056775675
13.284218147899887
13.285316227940594
13.285479424207635
13.285903604194946
13.286597870559735
13.286638468223623
13.28667937335624
13.287214019535096
13.287316003366726
13.287614201697586
13.288218150999331
13.289532337580173
13.290683511071803
13.290793460168764
13.290977280148024
13.290997720651992
13.290997827909939
13.29107942604346
13.291459046452148
13.291932255264097
13.292054743911883
13.292054848785643
13.292577341752095
13.29258965909926
13.29358556284616
13.293769294075325
13.29465899953466
13.294997634970924
13.29505076421506
13.295275249807501
13.29541820073016
13.295459048359499
13.295728307985625
13.296161027209655
13.296679429667421
13.296695589123981
13.296875370106944
13.29701803649346
