  0.50000000000000000        2.8250163768541208E-007
  0.50000000000000000        4.9602739109826899E-007
  0.50000000000000000        5.2506665398666856E-007
  0.50000000000000000        5.7256848863328669E-007
  0.50000000000000000        8.6742351618192395E-007
  0.50000000000000000        8.0481157866119347E-007
  0.50000000000000000        9.3219767631272910E-007
  0.50000000000000000        1.0613019579964175E-006
  0.50000000000000000        1.1016420106850329E-006
  0.50000000000000000        1.6961750335840200E-006
  0.50000000000000000        1.0654778083892834E-006
  0.50000000000000000        1.4347824817001033E-006
  0.50000000000000000        1.5593659058882427E-006
  0.50000000000000000        1.8631972307223765E-006
  0.50000000000000000        3.3184554989581647E-006
  0.50000000000000000        1.3952450395049227E-006
  0.50000000000000000        1.5354953389516457E-006
  0.50000000000000000        1.9398049695801542E-006
  0.50000000000000000        1.8201912823514667E-006
  0.50000000000000000        2.1999346289693400E-006
  0.50000000000000000        3.0637445590117534E-006
  0.50000000000000000        2.2733912375242782E-006
  0.50000000000000000        2.6877044346710029E-006
  0.50000000000000000        2.7186604687772341E-006
  0.50000000000000000        2.6786305843726492E-006
  0.50000000000000000        2.9151685621392774E-006
  0.50000000000000000        3.2350743326713429E-006
  0.50000000000000000        3.3177600702140457E-006
  0.50000000000000000        4.4838853031521391E-006
  0.50000000000000000        5.7041806248214987E-006
  0.50000000000000000        3.1921426139042274E-006
  0.50000000000000000        3.1548529342666081E-006
  0.50000000000000000        5.7015654342556171E-006
  0.50000000000000000        4.0395966554153651E-006
  0.50000000000000000        6.3942473826589322E-006
  0.50000000000000000        3.1212536646278726E-006
  0.50000000000000000        8.7304309905894776E-006
  0.50000000000000000        3.0992591485919237E-006
  0.50000000000000000        3.7842322954523381E-006
  0.50000000000000000        4.1803431688794874E-006
  0.50000000000000000        5.2804776004163012E-006
  0.50000000000000000        5.9358378382484367E-006
  0.50000000000000000        3.9525482661733735E-006
  0.50000000000000000        4.3214493817731286E-006
  0.50000000000000000        6.0344240265627940E-006
  0.50000000000000000        5.5915659206054464E-006
  0.50000000000000000        6.3183072884020835E-006
  0.50000000000000000        5.9659780204494183E-006
  0.50000000000000000        7.3135642194168839E-006
  0.50000000000000000        7.4613875853233739E-006
  0.50000000000000000        6.4717059422502355E-006
  0.50000000000000000        7.3082481727082292E-006
  0.50000000000000000        8.6680905009639319E-006
  0.50000000000000000        9.0660662270363410E-006
  0.50000000000000000        6.6733089379035510E-006
  0.50000000000000000        6.9129368252772775E-006
  0.50000000000000000        7.3345127463616925E-006
  0.50000000000000000        7.3846922613029511E-006
  0.50000000000000000        9.0771331424502912E-006
  0.50000000000000000        8.8044040477350221E-006
  0.50000000000000000        8.1298073569064045E-006
  0.50000000000000000        7.2645094384603016E-006
  0.50000000000000000        1.1408192804280281E-005
  0.50000000000000000        1.4657498214822313E-005
  0.50000000000000000        9.1005204311476070E-006
  0.50000000000000000        1.3897746208437984E-005
  0.50000000000000000        1.0746278165138571E-005
  0.50000000000000000        8.8103969743968127E-006
  0.50000000000000000        8.0967314233755643E-006
  0.50000000000000000        1.1534834051662747E-005
  0.50000000000000000        1.6034509977944808E-005
  0.50000000000000000        1.4202972728205485E-005
  0.50000000000000000        1.4038113714201519E-005
  0.50000000000000000        8.5058497757008043E-006
  0.50000000000000000        1.9508048521605035E-005
  0.50000000000000000        1.3678035474041610E-005
  0.50000000000000000        1.0599078272714746E-005
  0.50000000000000000        7.3464325854775500E-006
  0.50000000000000000        1.8266355638951483E-005
  0.50000000000000000        8.4740073571570611E-006
  0.50000000000000000        1.2736327546988310E-005
  0.50000000000000000        1.0624524233020477E-005
  0.50000000000000000        1.6521053375371092E-005
  0.50000000000000000        1.4683645782233633E-005
  0.50000000000000000        1.5908689828146653E-005
  0.50000000000000000        1.4325355536344000E-005
  0.50000000000000000        9.7305838212111714E-006
  0.50000000000000000        1.4656367663229817E-005
  0.50000000000000000        1.1759251449975554E-005
  0.50000000000000000        1.9822374107549441E-005
  0.50000000000000000        1.8434744203045488E-005
  0.50000000000000000        2.4234154324346402E-005
  0.50000000000000000        1.5108071856109050E-005
  0.50000000000000000        1.4168598150636505E-005
  0.50000000000000000        1.9286168048679757E-005
  0.50000000000000000        1.4433278638830734E-005
  0.50000000000000000        1.5486036319597937E-005
  0.50000000000000000        1.7713945760914070E-005
  0.50000000000000000        1.8826443027743535E-005
  0.50000000000000000        1.6956620967408300E-005
  0.50000000000000000        1.6372158089791588E-005
  0.50000000000000000        1.7822020892185951E-005
  0.50000000000000000        1.9425320521617038E-005
  0.50000000000000000        1.8431260420155242E-005
  0.50000000000000000        2.1502824046590487E-005
  0.50000000000000000        2.0933796288729373E-005
  0.50000000000000000        2.3056952118010909E-005
  0.50000000000000000        2.3613097758273203E-005
  0.50000000000000000        2.2105548675284923E-005
  0.50000000000000000        1.8729187961405165E-005
  0.50000000000000000        2.7438692963074005E-005
  0.50000000000000000        1.7984958052459549E-005
  0.50000000000000000        2.1270511894178448E-005
  0.50000000000000000        2.8316557137427709E-005
  0.50000000000000000        1.9922500683244939E-005
  0.50000000000000000        2.4085997848346151E-005
  0.50000000000000000        2.6336937173243510E-005
  0.50000000000000000        1.9009033195251727E-005
  0.50000000000000000        2.5415638851089407E-005
  0.50000000000000000        2.5967374701304276E-005
  0.50000000000000000        1.7359241694880263E-005
  0.50000000000000000        3.3966814504250348E-005
  0.50000000000000000        3.0764570001783084E-005
  0.50000000000000000        2.9550772388577386E-005
  0.50000000000000000        3.2128141877092466E-005
  0.50000000000000000        3.2413709438705674E-005
  0.50000000000000000        2.2859858816293992E-005
  0.50000000000000000        2.8583429650356855E-005
  0.50000000000000000        2.5396226936297193E-005
  0.50000000000000000        3.6996212937610947E-005
  0.50000000000000000        3.0936616430492591E-005
  0.50000000000000000        4.3982807310505556E-005
  0.50000000000000000        3.2793870726171031E-005
  0.50000000000000000        4.1555323251628214E-005
  0.50000000000000000        2.0180597962577230E-005
  0.50000000000000000        3.7982959462290430E-005
  0.50000000000000000        4.2823261915832664E-005
  0.50000000000000000        3.5643200517494953E-005
  0.50000000000000000        3.6465869147381681E-005
  0.50000000000000000        2.7124468724963407E-005
  0.50000000000000000        2.1674787140994352E-005
  0.50000000000000000        4.1751974141986308E-005
  0.50000000000000000        4.5282792129739661E-005
  0.50000000000000000        3.4511902409248017E-005
  0.50000000000000000        4.3160160547249926E-005
  0.50000000000000000        5.1843240860172117E-005
  0.50000000000000000        2.9717521888809987E-005
  0.50000000000000000        3.7727390955788901E-005
  0.50000000000000000        3.8575875702641696E-005
  0.50000000000000000        4.7021113381642924E-005
