  0.97262346594333626     
  0.53396441780430426     
  0.57647033570723327     
  0.22065322704973411     
  0.57557926060202891     
  0.86739222233544955     
  0.33289386559895962     
  0.85408351144582639     
  0.75929289348563600     
  0.65225642411402385     
  0.90708931701348183     
  0.57605153856990055     
  0.63696269814618833     
  0.29268477198576087     
  0.65571848543846456     
  0.27310325850438560     
  0.74383822308318470     
  0.84074527878247818     
  0.57582333664033913     
  0.37520987631073532     
   1.0450686166657976     
   1.0261570768883006     
  0.33036580700078644     
  0.76281285241336072     
  0.64104198982988470     
   1.0437970078354044     
  0.67196749525120825     
   1.0565760354687466     
   1.0242555258479007     
   1.0879930907101985     
  0.40300620394158410     
  0.85727116297641726     
  0.31543650927537981     
  0.47195034781581313     
  0.69130082819487371     
  0.64849564648616731     
  0.46799567569076783     
  0.46492559287321816     
  0.98622908825677225     
  0.92369244679573115     
  0.96183678790962268     
  0.88765062293301644     
  0.89678828343538097     
  0.64505218597915759     
  0.29232590501189143     
  0.74294734570247534     
  0.47913983192222293     
   1.0795781598921084     
  0.87643145027807368     
  0.90019948969577990     
  0.99609439297037150     
  0.83246873776011576     
  0.53247993076022471     
  0.76085980545138088     
  0.86831963019073266     
  0.90983437344033014     
  0.61244705309754510     
  0.81917635840899505     
  0.48425395288027162     
  0.23161252149387052     
  0.79735537203737739     
  0.46444251127926139     
  0.43007933406233967     
  0.30447018534969822     
  0.59334328661753832     
  0.61615794635396259     
  0.37123271436165495     
  0.98846776707567496     
  0.41176324130735187     
  0.84900942517916222     
  0.80587952659779916     
  0.49802233007558599     
  0.49177042280858096     
  0.77247308589965258     
  0.95601632915431134     
  0.54143376733740478     
  0.59897743221419153     
  0.91069662587639888     
  0.76752854780784219     
  0.63043304042349069     
  0.98054829257508436     
  0.90671864613127562     
  0.65299474713638062     
  0.45700619153722616     
  0.63533778074849423     
  0.67197310568670965     
   1.0027955031227669     
  0.69320354711658849     
  0.56390157282475739     
  0.60363064498866659     
  0.98676563415906227     
  0.41647402035361508     
  0.72160747068226516     
  0.20500616755142176     
  0.85931421265502894     
  0.97000464752774362     
   1.0054969032463557     
  0.81199407113616795     
   1.0432810693373376     
  0.73496596376796397     
  0.92513410862852652     
  0.58287980278805795     
  0.59818122797010143     
  0.80499325581554282     
  0.58771676973364273     
  0.54516947284472650     
  0.72172437611482532     
  0.79493183892556385     
  0.50111319023655110     
  0.62974304636394918     
  0.94003998049267334     
  0.46249450091490441     
  0.74539244268133864     
  0.50775006122339850     
  0.48756900229877087     
  0.38445232798760526     
  0.24101457491457201     
  0.31348006359091596     
  0.57349110314402685     
  0.76752976233954828     
  0.79341205066941978     
  0.53909655858115413     
  0.43502882388776443     
  0.79303443382266803     
  0.56669124589275977     
  0.98572340104280931     
  0.57890626336103812     
  0.46310327825842595     
  0.98463739494236135     
  0.42774657329152288     
  0.97056785768194109     
  0.27701569842334611     
  0.92810653534741017     
  0.46506248458557969     
  0.97197849551583948     
  0.85521866502896249     
  0.71263524978539738     
  0.75203154605094891     
  0.29429974015518923     
  0.73406304739590189     
  0.83858680293703736     
  0.84287557728685947     
  0.59715207973874140     
  0.83545972057925144     
  0.93552645420511316     
  0.55360492368574699     
  0.96706460642195813     
   1.0969229537932093     
  0.94544849533070707     
  0.32476532567536381     
  0.61490776117922175     
  0.48992253378534706     
  0.79483903680754542     
  0.70832167106779975     
  0.61145179797660321     
  0.85524935523307588     
  0.42908324222785887     
   1.0616993720702603     
  0.43467059161129823     
  0.64681897096425767     
   1.0209675374487182     
  0.73395160564340034     
  0.35617768530405575     
  0.50995131120468218     
  0.80726984663621748     
  0.60880004414761157     
  0.74952616674704908     
   1.1004442002594479     
  0.45538184919622948     
  0.70740016704494701     
  0.94989258277619171     
  0.42940581752814683     
  0.79597719492009666     
  0.62424263599876462     
  0.49827975290126009     
  0.35082827416727275     
  0.47903893907903949     
  0.88334677688165386     
  0.69486533356237001     
  0.73592928745182662     
  0.97000464752774362     
  0.42988997946996926     
  0.48308884764104904     
  0.41867966011497376     
  0.99909319607709279     
  0.53652184778839440     
  0.96262038729908694     
  0.53407292528888128     
  0.89058480837748000     
  0.37050345059600742     
   1.0616993720702603     
  0.77656012581927270     
   1.1048497885962243     
  0.73286564349720695     
  0.84801307922915536     
  0.91663915943081864     
  0.66730850212396220     
  0.91635835831718782     
  0.79058161860294085     
  0.69088578936236622     
  0.72457890906671740     
   1.0892371797175915     
  0.55052193400222349     
  0.67934637521543628     
  0.99264956555204265     
  0.84054263856264944     
  0.63373712788102243     
  0.47414025881916733     
  0.88655960489967056     
  0.63075346962861378     
  0.32013835848668254     
  0.76115153815878955     
  0.90949503643193441     
  0.50816993412431033     
  0.78511546185332226     
  0.62820782627703398     
  0.80627371045591256     
  0.77975677214021510     
  0.85482540076278346     
  0.63561646668811100     
  0.50919397383116116     
  0.97668934247339656     
  0.69368122580626612     
  0.64149453700232073     
  0.59601463172916369     
  0.91725448925948394     
   1.0366013248887878     
  0.97062005966608278     
  0.53909655858115413     
  0.67576693050638381     
  0.96921982075486479     
   1.1041791173791256     
  0.56182172209466752     
  0.78143439798653191     
   1.0456794237481366     
  0.53161948709003448     
  0.40458035489923838     
  0.84393028952617843     
  0.87730311993574517     
  0.54948006117371417     
  0.80081414568454179     
  0.86604602101149297     
  0.82369648241513571     
  0.88094074525228017     
  0.92360326750849442     
  0.86899622228508377     
   1.0894414436878981     
  0.78595443361722883     
  0.51932200207166268     
  0.88757358673505038     
  0.73989841580014692     
  0.95586571926642072     
  0.46061917468987768     
   1.0255043620525577     
  0.42444021997816345     
  0.73027124322104464     
  0.91998193170658216     
   1.0214445058090134     
  0.48318794384520092     
  0.46456710205954838     
  0.75566154172149902     
  0.44472903111578943     
  0.90685209531469657     
  0.71264672286314823     
  0.83775098664706071     
  0.83885737667614424     
  0.66785619717355371     
  0.38354344305864468     
  0.48763347503724908     
  0.70702127692473993     
  0.31973445072708706     
  0.65155146264750774     
  0.91981907703620558     
  0.85797572880130912     
  0.79307227552385207     
  0.69032904076775470     
  0.76567341209676465     
  0.84830668478457394     
  0.48865577288202183     
  0.63713038396395638     
  0.88260696287451668     
  0.81747362376481680     
  0.79868548623197400     
  0.87142829584327031     
  0.50875856692881949     
  0.68273530647570169     
  0.46058134403996837     
  0.35175882418024312     
  0.69665324433526032     
   1.0450057138335520     
  0.51481098757302624     
   1.0175916340707223     
   1.0287363624361603     
  0.76397201470321985     
  0.43184171671714261     
  0.49648676390646779     
  0.91686642552844888     
  0.78848026612808109     
  0.64573353041412540     
  0.66824605833244488     
  0.83062640686079603     
  0.45556832282857018     
  0.77494493183831414     
  0.48542715619960025     
  0.43311173541585490     
  0.79769591272445128     
  0.78468923389186418     
  0.99740141563203211     
  0.53092147891239250     
  0.51789925300017514     
  0.96695045152637860     
   1.1004442002594479     
  0.99909319607709279     
  0.69704025476581155     
  0.95499616232492701     
  0.81244928981767506     
  0.76287240762545194     
  0.29399103678610872     
  0.93864432771391004     
  0.57442139636963319     
  0.93523405041071295     
  0.38451990397484709     
  0.62875728041970202     
  0.83352233370392215     
  0.38437205420400467     
  0.98779732559009803     
   1.1306157996049444     
  0.91045094277705207     
   1.0159692793169681     
  0.73975454261839824     
  0.67915623161771244     
  0.83244463802025204     
   1.0224946507320161     
  0.38814311344333480     
  0.56445556986348400     
  0.66030158666716288     
  0.79138101467719613     
  0.88023582063251471     
  0.41146276706181706     
  0.65463881099169918     
  0.64244241051195694     
  0.82140425698824493     
  0.44700119085869355     
  0.30421536123068021     
  0.85495613710230867     
  0.94803090491607667     
  0.65642355176672362     
  0.79284950729176573     
  0.81308079586631266     
   1.0719908887825960     
   1.0941815277865172     
  0.67961982561997081     
  0.50406840605516545     
  0.76411352207095740     
  0.34685994265404507     
  0.55586271316445324     
   1.0498078574828578     
  0.46757658646595557     
  0.73702423315404175     
   1.1598643133732360     
  0.82827576720456797     
  0.87392157961538830     
  0.80331401115052137     
  0.89824218088765828     
  0.65571818820612393     
  0.44520526607504768     
  0.32586070095949998     
  0.81666810476528895     
  0.34099796549560907     
  0.88326997554484477     
  0.94742040811960371     
  0.62893407133283119     
  0.70725644538089083     
  0.60798398601345505     
  0.78373575856145938     
  0.46165380829903735     
  0.91542496097286397     
  0.71480220538473405     
  0.97423010179914016     
  0.27239040128675740     
  0.52526520354842732     
  0.60084875581662012     
  0.34938731820972935     
  0.76817585862445992     
  0.85293331812963857     
  0.62022881410396236     
  0.93814296671535924     
  0.25363525572170975     
  0.61347351808134809     
  0.67715013158064974     
  0.50476350332343545     
  0.34585678734849973     
  0.74975353046848747     
  0.55328485586933995     
  0.72229767232350894     
  0.82306748091671689     
  0.20945336090572134     
   1.0675460492380930     
  0.47401247861441609     
  0.86502347807690294     
  0.73201007902889381     
  0.66200891581297927     
   1.0475281164143071     
  0.32651018882757432     
  0.98561032152215333     
  0.84345287223601129     
  0.56175631439144647     
  0.80648478995504269     
  0.31413410912765322     
  0.59483717275144132     
   1.0560230128443873     
  0.75427777117182371     
  0.77913318242590013     
  0.74846293589089818     
  0.86877553259491547     
  0.58751669401821438     
  0.50715471768040266     
  0.31548319229229482     
  0.80427533094164838     
  0.54529388836285975     
  0.30768327084852809     
  0.88016805886411520     
  0.39363675378975765     
  0.97535799398584566     
  0.65312983539498148     
  0.38624959424372551     
  0.67689571713517971     
  0.71426237089200717     
  0.87661099408172427     
  0.55905022866333465     
  0.45459063703730535     
  0.57561845604596162     
   1.0568641414431390     
   1.1052849176403843     
  0.92261560698303791     
  0.86898142907024667     
   1.0325481001663204     
  0.57851415158366970     
  0.55908402305608151     
  0.51997347235888036     
  0.69417689488228507     
  0.60403334528234442     
  0.59807353133119612     
  0.89280473933400961     
  0.65593542720489084     
  0.48315566359873724     
  0.47969463191770512     
  0.90261706247901519     
  0.88471561986112435     
  0.60718232867243360     
  0.54772598318415178     
  0.76602212158231175     
  0.45733910709683190     
  0.88424922420406682     
  0.43350789083229341     
  0.85569379739379825     
  0.55499318815292342     
  0.40090304405061256     
  0.95258250465022443     
  0.89324074329350645     
  0.76548612881545808     
  0.96017576888460887     
  0.56259965398070155     
  0.85846547606981327     
  0.50204413981677842     
  0.93001085258651273     
  0.74854942234419630     
  0.92798838487863444     
  0.68959447571676191     
  0.69229867350626129     
  0.60083489449506311     
  0.60333415050668082     
  0.74649184182335970     
  0.44573971524580480     
  0.79107168886814450     
  0.97678114433548324     
  0.42156500230744570     
  0.60758810492360904     
  0.67671046115212341     
  0.98117213513023493     
  0.71155310721570442     
  0.77531268059800618     
  0.77883963792968425     
  0.88055617353477800     
  0.76486794331803565     
  0.39029780745854586     
  0.55136952664566186     
  0.79201920539885395     
  0.53235343901935628     
  0.78012140446201705     
  0.56192932102212911     
  0.80641693957507232     
  0.30427502347078828     
   1.1257989200044898     
  0.88277219550103159     
  0.98184657485064475     
  0.66049054747900304     
  0.91095402181406615     
  0.66367490703375309     
  0.42360143016198926     
  0.48261619868713568     
  0.91949867189472245     
  0.71063471033492021     
  0.93229588053520041     
  0.88273645993491656     
  0.77500476235275417     
  0.27618031138593246     
  0.43602228285092431     
  0.42878324801859918     
  0.72730326616650565     
  0.25911516619235447     
   1.0204963751790928     
  0.82496105298937217     
  0.59851843510863600     
  0.85939226301019278     
  0.44496417069485017     
  0.97928609726319771     
  0.47986516233284876     
  0.54436195464639270     
  0.56871300605810426     
  0.77614037820248227     
  0.26585511440115966     
   1.0545009153577229     
  0.62048327049621010     
  0.88769103453644871     
  0.57925498276570342     
  0.90643393776995695     
  0.42952570754182706     
  0.68566399487307383     
  0.47691978445855754     
  0.79468204988721947     
  0.41787888437095300     
   1.0121871135176401     
  0.90238637817743839     
  0.40888725750609800     
  0.50026895250882220     
  0.85816888140584413     
  0.91711644763686706     
  0.91499800078300797     
  0.64319491280561147     
  0.55193661805335814     
  0.90437350463269583     
  0.40349770820411135     
  0.35957286948526340     
  0.34791636422787842     
  0.71634824063453340     
  0.45937552975879264     
  0.97437961464400802     
  0.63270039301290704     
  0.78480354853050371     
  0.30464589726580160     
  0.33489613977404475     
   1.0281235919212410     
  0.49905789573586795     
  0.86820827623233932     
  0.89701104629345507     
  0.70636472708943332     
  0.49114004342343148     
  0.83668834470479236     
  0.89288142377267887     
  0.74030870656761649     
  0.77668776364730363     
  0.41035185551264791     
   1.0579938415811516     
  0.41010166525150255     
  0.33046070163591545     
  0.27840728644505691     
  0.67950131184343565     
  0.44223493044662010     
  0.80667466167852897     
  0.55595369289728147     
  0.86670632031548378     
  0.48542234304127552     
  0.35658918198785172     
  0.31595395229269357     
  0.78201697890713506     
  0.77393924622201726     
  0.57274476465730084     
  0.97001747913323355     
  0.77720686803907824     
  0.97430244527192733     
  0.60409923615281802     
  0.74672036334627112     
  0.81235604790897753     
  0.62335731065577793     
  0.26676395868354486     
  0.83591452494399643     
  0.46306731620069169     
  0.69557949165576394     
  0.35018693826515079     
  0.52924327976711050     
  0.84146052718762332     
  0.82441479290090103     
  0.66211272264351007     
  0.26399338412195278     
  0.88576836854037755     
  0.71902409516878574     
  0.37450943520029462     
  0.91660055083278524     
  0.64454471876392061     
  0.76760310737869109     
  0.76178536266974128     
  0.35584294417390372     
  0.45983065104688003     
  0.70698773388765734     
  0.85030739142839362     
  0.43871856389509256     
  0.61833825035069823     
  0.24911497821527606     
  0.75770537511269043     
  0.95697549722766750     
  0.71497744289115583     
  0.55584025595833475     
   1.0786968370620535     
  0.93344314937528117     
  0.56492296483794913     
  0.47701166690214408     
  0.83996955799184780     
   1.0033065371682273     
  0.83482474447896360     
  0.88988292534141888     
  0.34125043483692097     
  0.54112145335998862     
  0.37293030743852734     
  0.41517398170085934     
  0.48209856200487233     
  0.66434220142715139     
  0.82180000763736771     
  0.78016756994090930     
  0.40265587707459205     
  0.56892072658855986     
  0.65868968906317382     
  0.39970355348705461     
   1.0941815277865172     
  0.62552845818715097     
  0.68989687038968406     
  0.56650881546674303     
  0.79234119295706973     
  0.62238429848888555     
  0.35829990201725209     
  0.68550571832199658     
  0.47361582059359386     
  0.75405739852489706     
  0.71169965601318208     
  0.60880823064736722     
  0.33558178463415977     
  0.81779195153362316     
  0.47141231361006830     
  0.53411167254304548     
  0.69868848380559689     
  0.66407121368934463     
  0.36212444937991278     
  0.91803375921623576     
  0.42201732126685426     
  0.93398343316667154     
  0.79453531747236861     
  0.50533456895524420     
   1.1009900826233945     
  0.49706037712881268     
  0.39213578923499764     
  0.54857088850960412     
  0.74615062400438326     
  0.60302683587293582     
  0.77222788222323813     
  0.61119149431838193     
  0.82949715350977726     
  0.69060506646979603     
  0.41495703588903338     
  0.94664499648275380     
  0.66842797449454183     
  0.45521700831880452     
  0.34238632485742254     
  0.96379511420929620     
  0.96497840863700546     
  0.88241714378856273     
  0.28820180637698339     
  0.60501440663511696     
  0.89346028265171940     
  0.35548048994916481     
  0.67322402411185900     
  0.48432633292640698     
  0.45603127149628220     
  0.76953486710460828     
  0.52798061913586536     
  0.46919667503595658     
  0.78409988548388454     
  0.96922331102762360     
  0.49932071819747764     
   1.0474916171943096     
  0.43498633944213488     
  0.27575040500003167     
  0.84852700285679206     
  0.25710754720118456     
  0.53816852590225339     
  0.23804406844784701     
  0.30581997358625718     
  0.76051085100679905     
  0.49474278655147208     
  0.77306703731498472     
  0.81908285841434680     
  0.31763462859298613     
  0.39389262867403535     
  0.61906574528712499     
  0.74767779812320756     
  0.56839078222098338     
  0.69285922441155601     
  0.55650937876299644     
  0.49477255979624435     
   1.0894414436878981     
  0.44475142254269473     
  0.70300061962339000     
  0.24061135070517470     
  0.37437611907109702     
  0.36489503127530526     
  0.57215553084294324     
  0.88670698081811927     
  0.67007742556371530     
  0.65246506318542541     
  0.36667684565862524     
  0.65062678840890709     
  0.90628071449105518     
   1.1002795750387360     
  0.32110904321771822     
  0.96603687136764560     
  0.55258989081171950     
  0.44861458332755844     
  0.28690671082985753     
  0.89787291287693138     
  0.48899527421811873     
   1.0354629753354261     
  0.74245348494087582     
  0.41074772025035877     
  0.67754212092483612     
  0.72062191659327368     
  0.71792312522945501     
  0.97162336666257865     
  0.44994532253861386     
  0.63081578451021236     
  0.78374575021576798     
   1.0679093461830405     
  0.90439862847069485     
  0.48847324664253217     
  0.61477933910683047     
  0.70912884777746699     
  0.36008788142483739     
  0.63059369062926030     
  0.42161122352733216     
  0.77088014956294526     
  0.62356889585132302     
  0.74710493404320388     
  0.65111804641559945     
  0.83513934210288487     
  0.97451758424758816     
  0.95406613662770900     
  0.94668723664520971     
  0.37237780357468220     
   1.0610998396328590     
  0.33177054699789632     
  0.26532148422523155     
  0.45621378103320986     
  0.46707100183440431     
  0.89306147678123771     
  0.57785318864813195     
   1.0084932903074528     
  0.74304326452775471     
  0.32283599551614445     
  0.74101961455932319     
  0.73420444349681524     
  0.49523209326704382     
  0.61509739472398550     
  0.55012175215353465     
   1.0012810364281532     
  0.78913337587501120     
  0.94241359703289207     
  0.55031129527527811     
   1.1112209017425232     
  0.43778768202866325     
  0.44155419756579900     
  0.47426370072076884     
  0.65278735677668176     
  0.51832926232229981     
  0.72676372531502786     
  0.66030158666716288     
  0.27795027493874841     
  0.65297992735028243     
  0.57029397251561675     
  0.37890700911427710     
  0.88210568622825958     
  0.79943608570957114     
  0.56026023832805394     
  0.83642705348070856     
  0.84224440442048742     
  0.58298733940070768     
  0.64676127447443144     
  0.56373386703007378     
  0.46926763375927832     
  0.81812969315306405     
  0.30162796008196857     
  0.97438930693046433     
  0.64981189400524875     
  0.81631573417913128     
  0.96922331102762360     
  0.78633629397142102     
  0.64286267849611822     
  0.52316806493337065     
  0.72176678669882599     
  0.68955673950202867     
  0.78016756994090930     
  0.86535931807921340     
  0.59061713634321489     
  0.91163443750975459     
  0.43795149183187682     
  0.73705814136724235     
   1.0892371797175915     
   1.0164389281775021     
   1.0212292891109986     
  0.82853851458078764     
  0.41124859161586014     
  0.36041056387314108     
  0.91849740968124960     
  0.70927388969679384     
  0.94839517943579987     
  0.49953120673343554     
  0.42655861155562219     
  0.52413131049244210     
  0.50527073729367433     
  0.47342758493136572     
  0.62485612922116351     
  0.68355164062283202     
  0.48218160927546183     
  0.97959047225203411     
   1.1254829438043989     
  0.78264981968414771     
  0.58962450026167568     
  0.83864289678574555     
   1.0013225804541432     
  0.33667442579761081     
   1.0876984141312742     
  0.52789927613874632     
  0.57101819898170991     
  0.79633388188249177     
  0.78984393839771905     
  0.60505553698615777     
   1.0105571350550011     
  0.99157934460758168     
  0.30224069582856189     
  0.88032432641331626     
  0.83636871034427485     
  0.29844600813037148     
  0.61358091150937288     
  0.70250890983213921     
  0.22201517659774345     
  0.77777793141265827     
  0.74977102038230825     
  0.47077372751388086     
  0.77088014956294526     
  0.87082981084982736     
  0.44948670556293957     
  0.99437765267969935     
  0.92829615520045328     
  0.99517076765709578     
  0.98665484861715280     
  0.45288403027991103     
  0.31337863199873306     
  0.66286642505474402     
  0.30475808694052386     
  0.75750826642633395     
  0.74251004261330744     
  0.63829092890086847     
  0.75704244821220690     
  0.61121921150054204     
  0.50821115944177309     
  0.59653404157346834     
  0.35928969691954582     
  0.74152934088586431     
  0.66749316226524669     
  0.42415250796287474     
  0.48034338612419136     
  0.32205883349517178     
  0.85035818208820257     
  0.37467310195069320     
  0.95197406399239037     
  0.36514519602500023     
  0.53490409131729144     
  0.85814535923651691     
  0.54581319046044940     
  0.84992029627913657     
  0.84803366986455808     
  0.52359506427798463     
  0.89436739381265140     
  0.38407398775140250     
  0.29143857014471536     
  0.58956928891674720     
   1.0399373237080034     
  0.38668108453234690     
   1.0358322181830590     
  0.86502628819986738     
  0.73004890306122550     
  0.93800164911275385     
  0.88499670479563119     
  0.66087458412951705     
  0.82492878649867152     
  0.61716781431541967     
  0.98188556554136164     
  0.73333537407962301     
  0.37055595840045052     
  0.65567420134308074     
  0.93963170504561178     
  0.78977630816870925     
  0.89365828004489822     
  0.57690180153576176     
  0.45594972863179151     
  0.26826203227543177     
  0.74306915428929632     
  0.96448981121791877     
  0.95737528334820765     
  0.56631754851476912     
  0.95667826225791908     
  0.70591106838494921     
  0.49255618973763077     
   1.0850777408846406     
   1.0098783386907648     
  0.43249181594884195     
  0.77776565079933890     
  0.40527830663224929     
  0.72133771202918151     
  0.85170446211511996     
  0.70322461412320048     
  0.44150761097697078     
  0.87971332361529864     
  0.32331605998892970     
  0.76583336320494844     
  0.56006167447679900     
  0.55103647053255322     
  0.55130903696679379     
  0.59601463172916369     
  0.78160817717149111     
  0.75616450652260758     
  0.31433503704826038     
  0.46165772401420541     
  0.68939138767560215     
   1.0244651966923215     
  0.65825964284789751     
   1.0773897496405573     
  0.36002253556342856     
  0.47228742370663723     
  0.79929041075670115     
  0.72853527282143649     
  0.24296644170094187     
  0.86302149673464768     
  0.70135570869957675     
  0.95648113426518644     
  0.96413337168301727     
  0.45331442985109371     
  0.87582430373004871     
  0.78428845976930128     
  0.42417034909644236     
  0.94114944757881580     
  0.50948379462300741     
  0.68075868058691225     
  0.70622497690616848     
  0.72784266533671427     
  0.49602550913898041     
  0.69023349405685197     
  0.61047945958813410     
  0.87142829584327031     
  0.63043336449088727     
  0.90102488433537364     
   1.1067036765258702     
  0.73437188775153872     
  0.73653607295885426     
  0.81514161544337183     
  0.31020680310189142     
  0.41832816305897835     
   1.0213377439579769     
  0.86719830474804804     
  0.85524935523307588     
  0.91301487243098567     
  0.72597803787008408     
  0.67757069667638237     
  0.84664889799695398     
  0.75921427653154028     
  0.28459009528945878     
  0.53998757559307342     
  0.51218703537920340     
  0.21619285859874629     
  0.49574049887380028     
  0.51561598323923674     
  0.43928294717024546     
  0.70686610355202961     
  0.56120129139657349     
  0.46570567307691529     
  0.90739315981670410     
  0.82660962104421054     
  0.91901955562263937     
   1.0688735716730822     
  0.53103498440457997     
  0.56559306918265762     
  0.34664060736548807     
  0.88327784618745686     
  0.85534773056276781     
  0.67645918617928169     
  0.82455879219804229     
  0.44495069839137674     
  0.51017555851886576     
  0.66266434794138751     
  0.89692493636286597     
  0.50028259639645800     
  0.79208277495215773     
  0.88155328454625870     
  0.46999862997360436     
  0.78171160505017789     
  0.87378036287223004     
  0.63848378881533641     
  0.58870765669551728     
  0.61965221989923136     
  0.27190178641259627     
  0.74512144619907950     
  0.67303100631644952     
  0.62990355688243538     
  0.55110451765785151     
  0.73949377256801185     
  0.54286844327485217     
  0.31460422387270337     
  0.49961144168498695     
  0.65387719196667848     
  0.62512081800818309     
  0.39182272829326870     
  0.75657294621077642     
  0.59882413769058884     
  0.70432735552530690     
  0.53056998770419317     
  0.57678110127761362     
  0.78312986113590144     
  0.84036050823765418     
  0.45486190071545729     
   1.1146433531689184     
  0.46799372392939520     
  0.87951219923670054     
  0.90214859784107038     
  0.31920055039926903     
  0.79221575571248670     
  0.77645216068618372     
   1.0449899499526225     
  0.57288956246484424     
  0.65003010017616147     
  0.62983905563687814     
  0.93802054792506973     
  0.58999759212989722     
  0.60788688148069459     
  0.58779946347386469     
  0.48985149564928077     
  0.40294088615005813     
  0.95657962211561365     
   1.0052762800295825     
  0.66755377461999177     
  0.22868082770924980     
  0.85604435055743078     
  0.52569879808493758     
  0.60893358823127985     
   1.0656287078049433     
   1.0011827294161730     
  0.65791145851318855     
  0.84757791426398432     
  0.45660413410912465     
  0.36637760079838799     
   1.0121987260229064     
  0.98548367272426407     
  0.81847497478230669     
  0.61716812045926128     
  0.45739769522510709     
  0.90238637817743839     
   1.0398956015251892     
  0.81913006373728414     
  0.81991731638075382     
  0.58997850383413386     
  0.52938181363800574     
  0.44703439620236290     
  0.79944935602292644     
  0.89850669583668841     
  0.71727935835363421     
   1.0401221746347766     
  0.81307598762072819     
   1.0975048433137353     
  0.30388805638125876     
  0.55267072686397167     
  0.64854898876843436     
  0.53827041849821322     
  0.77874313758038471     
  0.95292195135397073     
  0.79461292446645382     
  0.50886794606574393     
  0.55719421405345348     
  0.62414236708577286     
   1.0325481001663204     
  0.90425051624873432     
  0.28313754178026757     
  0.27247950699945750     
  0.97347617357095695     
  0.70110998888052711     
  0.25078201885436879     
  0.48090687929251918     
  0.63679215102225994     
  0.62874280621325462     
  0.56974027996302434     
  0.93317286528978305     
  0.46340064386874852     
  0.85002076145808614     
  0.72741092707837496     
  0.45769238764576975     
  0.96025823802406762     
  0.86594408072223794     
  0.89362841146370853     
   1.0467277425753723     
  0.84448465904545522     
  0.75706882642751705     
  0.30939545354777359     
  0.27365900110012692     
  0.81532337836438840     
  0.80018272412254210     
  0.93512218139587866     
  0.74107973760197354     
  0.52791808193243261     
  0.68743328849345153     
   1.0506025351469193     
  0.66721775658900917     
  0.68135769624083520     
  0.54028669345117797     
  0.63358732688556374     
  0.99210879987539036     
  0.29488978428365598     
  0.78517223871298358     
  0.38066423977253805     
  0.92880500316626013     
  0.69987518710320673     
  0.53265402027340247     
  0.75796729125493922     
  0.39838487270916290     
  0.47400889398570806     
   1.0545009153577229     
  0.67196118883663236     
  0.26215803548442590     
  0.32593351227072820     
  0.60150813944165682     
  0.97280028666922114     
  0.59204271218929405     
  0.29692725125794678     
  0.66186458194766895     
  0.88838148289145558     
  0.87637295267749371     
  0.82523181714028293     
  0.58790464330123970     
  0.52281024752204974     
  0.30341410273208380     
  0.77532824013924562     
  0.95733771241182630     
  0.87642255273179259     
  0.85999843867637682     
  0.70138925405987029     
  0.94480623906059280     
   1.0100818545255879     
  0.52099679589960790     
   1.0517394005745759     
  0.46528119641635557     
  0.54255963403751795     
  0.69194246371232859     
  0.88066506694936220     
  0.85503600295079352     
  0.85385728007901474     
  0.46168184586341715     
  0.30592308660159923     
  0.59311303708624719     
  0.84826367828459581     
  0.53839681351220003     
  0.72355931835984466     
  0.34147194754209015     
  0.33428253292516014     
  0.43879104657613266     
  0.49025230739547787     
  0.63956689875554096     
  0.41182774269071964     
  0.49041998156179850     
  0.43231141072016427     
  0.70271677521238396     
  0.62202464511442734     
  0.80203515168064787     
  0.44259877623989557     
  0.50772975853586477     
  0.69584488542705236     
  0.85807349163809987     
  0.47161034320412015     
  0.91343178793813162     
  0.48174826043385366     
   1.0916522586664745     
  0.99814526270992776     
  0.63679948210123638     
  0.41519181310023373     
  0.72035609025208225     
  0.37810036851452061     
  0.61036802678148827     
  0.30363391807626205     
  0.64434646311089738     
   1.0969229537932093     
  0.68921391917932961     
  0.91117560686461740     
  0.43334296069948441     
  0.43779927942730801     
  0.94717604484489093     
  0.48613641156403081     
  0.78856718922023006     
   1.0112089798777091     
  0.51337079064011226     
  0.71978464334918113     
  0.81314955055633231     
  0.60572421485412342     
  0.34405090851480735     
  0.44023260146193149     
  0.50447295596967368     
  0.43208467318010735     
  0.27994703905442492     
  0.53322697548405329     
  0.25814345113793163     
  0.33536278954179144     
  0.98888021243356361     
  0.28541177176433685     
   1.0665856839008117     
   1.0871349001211155     
  0.96335366544364587     
  0.85139880066542495     
  0.90051808670721623     
  0.37088425563216759     
  0.73382274784404766     
  0.35065896865677104     
   1.0038785501959433     
  0.73835885608131391     
  0.42358458997109655     
  0.39367636470344325     
  0.65084717708298256     
  0.78001552108052730     
  0.73022603933567065     
  0.75587559913650548     
  0.53816852590225339     
  0.44699241507316195     
  0.71309227488444182     
  0.37745760443197929     
  0.52101012930437307     
  0.68795113893703519     
  0.44867695818687497     
  0.33092047669734864     
  0.60690857228653883     
  0.55890269836646855     
  0.94252532968914993     
  0.31872980136972517     
  0.84448524041854256     
   1.0242555258479007     
  0.66705711969705195     
  0.75279971435117876     
  0.57189964572072294     
  0.89168431846457785     
  0.86209931804490680     
  0.97224952815915144     
  0.99378048287673482     
   1.0914278604575833     
  0.71151704233342827     
  0.67984055453791092     
  0.93317286528978305     
   1.0221011815799381     
  0.52678618871214389     
  0.84611269889479190     
  0.77226267461508824     
  0.57726219888483821     
  0.91439520133839458     
   1.0360599070825434     
  0.55329779843716176     
  0.97545546367712710     
  0.43067695587663907     
  0.70374388209256511     
  0.68400004144930771     
  0.77821841250847901     
   1.0170276469215547     
  0.84869244355763329     
  0.90828457304898458     
  0.28510493667730485     
  0.66542882910682000     
  0.76511822513858196     
  0.96586457921515856     
   1.0604045571782608     
  0.65442572932674992     
  0.76591359829483940     
  0.97042468554440831     
  0.47512725316227844     
  0.60486959906825732     
   1.0308372285874108     
  0.77667846401226748     
  0.58461988752082428     
  0.33616716852041106     
  0.71715284388307232     
  0.65225827485670984     
  0.81544003563979195     
  0.43808778741779336     
  0.67595783523435238     
  0.51211586513405993     
  0.83020706678671974     
  0.55600597645026995     
  0.51488730048840647     
  0.36323972881610173     
  0.73905369913874253     
  0.81180623661098972     
  0.54564885752381331     
  0.53693298370118303     
  0.89602499472012975     
   1.0176645717584774     
  0.75287347241276803     
  0.42853714010679606     
  0.40689382823088777     
  0.80897746425951345     
  0.98141417436443701     
  0.65180676321537501     
   1.0178492006404032     
  0.65858093296031339     
  0.72780048049915558     
  0.94456818291223765     
  0.40026198312333383     
  0.89126688092920014     
  0.94583470929075453     
  0.55443756726227333     
  0.36805543837470978     
  0.92374500001459281     
  0.67548698203912250     
  0.86669963091585323     
  0.76875863646250975     
  0.80408565190277459     
  0.44629975620989865     
  0.55289018167213344     
  0.44231319469295044     
  0.91301790327626953     
  0.95678205518910087     
  0.90341060694709019     
  0.52226110464132369     
  0.77939215126568873     
   1.0531854305335393     
  0.93101639579016460     
  0.66834533508652960     
  0.80088768830635915     
  0.88488533719546802     
  0.66211027089633145     
  0.79636863989703333     
  0.48416186358697438     
  0.86333606832976706     
  0.96798788236208222     
  0.32697522409487556     
  0.62003420101537399     
  0.56393329138459591     
  0.85727968999491544     
  0.59059326505513154     
  0.31309308457087398     
   1.0121871135176401     
  0.91949867189472245     
  0.53775064918524251     
  0.34417679730690537     
  0.62831366455900262     
  0.42476524228352458     
   1.0544777815281223     
  0.59786201115735249     
  0.19674489047769966     
  0.73127760331368330     
  0.50532105371699254     
  0.29664519515459725     
  0.62008676604324653     
  0.48101769622590218     
  0.57101819898170991     
  0.42458542226128698     
  0.66303158378230487     
  0.27071622014091840     
  0.71397894515153870     
  0.87860052048585935     
  0.93796983698076875     
  0.40798945965517042     
   1.1774326267644959     
  0.61605372961391380     
  0.70252826864367768     
  0.39753907248042447     
  0.63415358654878518     
  0.58143782346978079     
  0.54728436241020373     
  0.59310704111432122     
  0.73034165712336541     
  0.37630687872076790     
  0.87742049484885021     
  0.89909198433107640     
  0.84672156240398888     
  0.25014057397396072     
  0.77593409326258778     
  0.74944952570595558     
  0.85336348849433596     
  0.71390421680848548     
  0.69805020730938094     
  0.69710237725015689     
  0.48279429677801827     
  0.53056998770419317     
  0.99611692512249927     
  0.89966876430856280     
  0.44890867836608239     
  0.87430236529917094     
  0.61780420489240828     
  0.83140125985896240     
  0.96256735050652220     
  0.92893969373751928     
  0.38869531299894383     
  0.91843782179563294     
  0.41649306199552749     
  0.26221546167308146     
  0.28088437282018835     
  0.78392741427653800     
  0.67647330630914915     
  0.73173697058497444     
  0.43169177767134315     
  0.47928986350757341     
  0.41795764054443779     
  0.93739496159010582     
  0.56711957918576672     
  0.89517696556754289     
  0.88515666828808570     
  0.85544398555003942     
   1.0623084407325747     
  0.60493654080284875     
  0.65043753254852543     
  0.51118066898602343     
  0.24904966936374320     
  0.77832234995004490     
  0.73274427554028154     
  0.43624036595375226     
  0.38470372725823443     
  0.56609182217049581     
  0.63829092890086847     
   1.0348826319942761     
  0.72040327560581363     
  0.69536294481290228     
  0.29632746050338055     
  0.91458485671722667     
  0.59850136808786047     
  0.66498818796071923     
  0.82745783156300579     
  0.26742760521740083     
  0.94544849533070707     
  0.68350278810511234     
  0.90264604463533482     
  0.45785298724715856     
  0.64617668420078034     
  0.25990870380710845     
  0.95905034803156353     
  0.95010372078783711     
  0.93122375950042369     
  0.92806640381235184     
  0.85922775831734943     
  0.86045039826894343     
  0.41961851346375123     
  0.33880075091555573     
  0.89936121789441681     
  0.53291897806050403     
  0.87733527185814697     
  0.47041164891727671     
  0.30597944075112732     
   1.0052361451894305     
  0.38712382696959535     
  0.43403383427176334     
  0.47605595676021700     
  0.86861123930255490     
  0.77563371845513485     
  0.46002929041072960     
  0.29647804880100953     
  0.37810310165037847     
  0.69780142576942550     
  0.50880073232336798     
  0.82318083259513997     
  0.74105268223215015     
  0.51221161914882951     
  0.71841107015430106     
  0.93933561193160586     
  0.75113893160955159     
  0.89077946196909163     
  0.96615304834193405     
  0.88872323990878421     
  0.78618863251027493     
  0.46524940245550944     
  0.30107272401094942     
  0.86690514375216865     
  0.58764636212696131     
  0.94281258429682036     
  0.33215309622718497     
  0.88725630030286418     
  0.83881511063275505     
  0.49264597607466182     
  0.28668990054234489     
  0.91244858658116612     
  0.94150651196987212     
  0.42291532141836763     
  0.84612050410378514     
  0.70768293045967623     
  0.81377493063779194     
  0.60754919521591833     
  0.71882236582741954     
  0.50230881911292780     
   1.0238527767412060     
  0.93999252691359447     
   1.0050044339937219     
  0.47606644706408535     
  0.67454550526493862     
   1.1598643133732360     
  0.49405818523486000     
  0.39882081576357903     
  0.82144633716772286     
  0.76250215400252297     
  0.97223197441869824     
  0.80495499272881976     
  0.66798851252999214     
  0.38351748707041450     
  0.86211994734643760     
   1.0174723985889298     
  0.37035065672713563     
  0.87770292637864855     
  0.79468204988721947     
   1.0180522333460462     
  0.66390880760110316     
  0.75611281803292785     
  0.28173281463201938     
  0.95216220108294880     
  0.23822245800692735     
  0.83452133418670305     
   1.0547526328079546     
  0.61917095510173925     
  0.52596523758284974     
  0.32153173561982851     
  0.72061780634565964     
  0.25410344442922200     
  0.47515600782538236     
  0.86558282136134779     
  0.68104590560842293     
  0.40576644571756054     
  0.66564673497608584     
  0.61701933612449722     
  0.90949503643193441     
  0.65038860759410244     
  0.48800689046831514     
  0.95946104219272710     
  0.54957507105515091     
   1.1031466791428024     
  0.94176422573764040     
   1.0450057138335520     
  0.63015206474377050     
  0.98909510144320245     
  0.69237904885593526     
  0.55973646123966403     
  0.63354695139571138     
  0.56963436919688226     
  0.47487006367027074     
  0.79687374755168827     
  0.74184827919218965     
  0.54363228387161633     
  0.68617147117217892     
  0.70631770686946926     
  0.66509027931347331     
  0.63096793263852868     
  0.51383242973250765     
   1.0173969286768678     
  0.71717338501674055     
  0.74678159065914473     
  0.69945689175584380     
  0.49275349854896411     
  0.48009216181054126     
  0.84914582937546002     
  0.72604896635821869     
  0.65390086135920211     
  0.48638696769342599     
  0.71474486771057488     
  0.63175652250501646     
  0.31934813144236307     
  0.54033337063707565     
  0.60064130616194678     
  0.78055378271120579     
  0.70116665918939625     
  0.92623696014489543     
  0.60272759345985627     
  0.51326166682011809     
  0.62073159360058228     
  0.81436173977264459     
  0.51352671560480756     
  0.78756662894291884     
  0.89737688006306882     
  0.48282393198165974     
  0.66075307211440515     
  0.51806057190938115     
   1.1146433531689184     
   1.0078259156046081     
  0.35410249450058151     
   1.0575367172198102     
  0.37454708583530083     
  0.63734319588988386     
  0.68735924154643835     
  0.97604919859983730     
  0.81132850188344252     
  0.38821157709491649     
  0.57832581019215135     
   1.1054155641590642     
  0.65987080472701776     
   1.0933075264571228     
  0.69168210829903143     
  0.55810094323648007     
  0.84787285339764484     
  0.35226214352054513     
   1.0213384724365424     
  0.58764459798442625     
  0.26586961827595351     
  0.81123106601210715     
  0.59407355383958937     
  0.67430158873465762     
  0.76625908292660694     
  0.64324646757509185     
  0.90838567416757998     
  0.84619072260599693     
  0.31223630857536178     
  0.22191851422354641     
  0.57251967388874847     
  0.44453971074150211     
  0.53614896943236667     
  0.55013828678182974     
  0.75892182222523108     
  0.74358282442393164     
   1.1068071891089732     
  0.29439537000204713     
  0.87315529809673276     
  0.65857656536921216     
  0.83636871034427485     
  0.81002747184236312     
  0.53557494330146460     
  0.46687691127428915     
  0.60594579522828362     
  0.52698623077676165     
  0.43868372806304085     
  0.85281164180531055     
  0.33433652706105843     
  0.47880264021508928     
  0.67506261704601878     
  0.72625683653197726     
  0.36966991739705185     
  0.82833324174145917     
  0.90032948630248955     
  0.62656764484836458     
  0.83915349191376198     
  0.49799354943482788     
  0.46673417966086217     
  0.61910972602890968     
  0.88627597992022167     
  0.45417283583535095     
  0.81502401931362811     
  0.87612068123638653     
  0.55285032231378317     
  0.93085460633047945     
  0.85324804826571599     
  0.63445379681785585     
  0.53440619712759063     
  0.90722609226831263     
  0.83769331441190686     
  0.40695244136809638     
   1.0060404378820265     
  0.29580001925051191     
  0.75778188184399786     
   1.1031466791428024     
  0.77612634482911125     
   1.0261570768883006     
  0.86820898259442891     
  0.56969534086138762     
  0.68593628472987311     
  0.45167402792928946     
  0.32028503359770266     
  0.44622938313526000     
   1.0287611599325024     
  0.12551374605609791     
  0.80515571226119131     
  0.48222608321491900     
  0.38534310830327961     
  0.74571793983588375     
  0.97030821657751876     
  0.75978139222244068     
  0.57162321820931894     
  0.45010373884968702     
  0.36245781524313259     
  0.83624834514713819     
  0.49431020666190872     
  0.85135076378208341     
   1.0121987260229064     
  0.76323489750719831     
  0.94272809366160848     
  0.84830274876949974     
   1.0029015724583799     
  0.35001547405613359     
  0.55619149202215490     
  0.84861668094997156     
  0.71966876537271851     
  0.95874869777844940     
  0.65895195082279912     
  0.74350007486862602     
  0.75817977146109106     
  0.55891542786666193     
  0.46143840819593035     
  0.81876763308060274     
  0.25013227942489941     
  0.48102532394882430     
  0.79174037892525562     
  0.86691983649155124     
  0.88566521934758591     
  0.30105458854408712     
  0.29275659872395260     
  0.72057348436591739     
  0.57369238542618894     
  0.29811954977789351     
  0.50755203628243750     
  0.45406948043592410     
  0.54415703458929665     
  0.36352449035964773     
  0.74412855221971796     
  0.87934362786438314     
   1.0876984141312742     
  0.42863590175766686     
  0.67284168487563145     
  0.85703531601078742     
  0.81561826731746667     
  0.56375557191888936     
  0.58166836157425883     
  0.51906655203878882     
  0.39196484558283351     
  0.85871296536293595     
  0.85495613710230867     
  0.49372145552945373     
  0.63439493004968461     
  0.91245383074330966     
  0.30054152215975344     
  0.73180729307886727     
  0.90828457304898458     
  0.60295471764435193     
   1.1387317393692551     
  0.39685837364308735     
  0.80759996307491444     
  0.54500261998980037     
  0.52740363134674584     
  0.70195282740948850     
  0.43195925214484621     
  0.70754959538811213     
  0.71913427499950400     
  0.75703274736707260     
  0.46968217863671902     
  0.79715839071978767     
  0.94496139282845426     
  0.60346485073425726     
  0.86389055386069247     
  0.63278775750002458     
  0.63651291900460183     
  0.97802961779974062     
  0.88007577557242711     
  0.58427889170177350     
  0.29038081629526136     
  0.38850507498030656     
  0.81355084786243792     
  0.73040409500623849     
  0.81850391639143560     
  0.88197702651873877     
   1.1042190251908313     
  0.82104869606144437     
  0.99901002776717285     
  0.43917790195192874     
  0.63956689875554096     
  0.28747634505905856     
  0.49528340163730716     
  0.92045378425614632     
  0.82473720392602679     
  0.94809332780663658     
  0.65155146264750774     
  0.77371104947677038     
  0.40622246830785058     
  0.45989782665882778     
  0.87585391967045345     
  0.57237945191198758     
  0.93989783128340210     
  0.82878370655933375     
  0.47907815972704931     
  0.79497853452235512     
  0.74538890093819088     
  0.59750864926732383     
  0.69191894596469061     
  0.84263829040310512     
  0.36925047581963516     
  0.53406905633454016     
  0.58455617724081410     
  0.94151232484529124     
  0.99609439297037150     
  0.52172997124197562     
   1.0868407464092271     
  0.41603584616519484     
  0.31517213951875211     
   1.0524328074589204     
  0.92599208297661728     
  0.83566542620286699     
  0.25705031090581060     
  0.57836990227799767     
  0.51141714040296216     
  0.66615833667085078     
  0.70753410339812584     
  0.39969299900728411     
  0.89860743695229717     
   1.0486476356823373     
  0.77040191432310834     
  0.83751657101535903     
  0.84876327641341853     
   1.0188440361725555     
  0.84256548218717076     
  0.91877067919020250     
   1.0427817413882516     
  0.57818550464923490     
   1.0416659308865914     
  0.74372676188936471     
  0.51993733314806356     
  0.75587559913650548     
   1.1097624626751970     
  0.71023228920453196     
  0.70621604885927403     
  0.44302303711863261     
  0.73253748800152774     
  0.91388379480690862     
  0.90665956893303867     
  0.98298377778745416     
   1.1596951003126772     
  0.42831620757569994     
  0.97156007166667202     
  0.59572453014236648     
  0.35196801509377001     
  0.96387690197930354     
   1.0241552065688782     
  0.70811009167794103     
  0.78710626822814478     
  0.71169076439728718     
  0.62854728730660991     
  0.61347088916304338     
  0.36889584034748746     
  0.77011114030154582     
  0.99910884206822137     
  0.47090197273211548     
  0.94326487411935733     
  0.53268685376040004     
  0.75203154605094891     
  0.56021457790558371     
   1.0524328074589204     
  0.81907620116982882     
   1.0593173273666445     
  0.77067229076732668     
  0.61211020180819464     
  0.88695770122182527     
  0.59433818973954311     
  0.96948765294249162     
  0.35094571011183634     
  0.82492863893779234     
  0.24589646072948809     
  0.76394762895440604     
  0.88480638286627555     
  0.73078804811120091     
  0.67361177095162705     
  0.71296184147961217     
  0.52327896058780698     
  0.44552019944704713     
  0.88543710863273006     
  0.57245939062099038     
  0.25687941512078466     
  0.85270167358967686     
  0.68364595493159497     
  0.68673807763160866     
  0.46734642941315530     
  0.54563192559924867     
  0.57289115503925536     
   1.0244989107632512     
  0.71413306187786763     
  0.83402745134430645     
  0.43588434507678053     
  0.97001747913323355     
  0.42896152679258859     
  0.49919700700018571     
  0.48956141461189762     
  0.66345640795224914     
  0.55285032231378317     
  0.89101505794869029     
  0.50422663246321398     
  0.49124117255956889     
  0.53980538027883529     
  0.88670698081811927     
  0.65642355176672362     
  0.84363058134646285     
  0.34633810245233809     
  0.49029994948980643     
  0.85140141133039715     
  0.67020130245693443     
  0.46828854668922060     
  0.93034033753392786     
  0.75336598363156759     
  0.48287620211510662     
  0.54122968893367951     
  0.45164369167416724     
  0.72441592254668830     
  0.23696793159835647     
  0.98618235463360793     
  0.64944457792775279     
  0.84879186855234656     
   1.0707614996306578     
  0.26512974669668538     
  0.75407339442708066     
  0.84170738678029511     
  0.63693449013312142     
  0.47115851788119806     
  0.21482534084581933     
  0.85557791366858560     
  0.47483677088241183     
  0.65450553026070468     
  0.99157272720727097     
  0.77969143292848808     
  0.59210359777539556     
  0.38745000600197338     
  0.51823526925294960     
  0.37752225216375146     
  0.85698626710804393     
  0.58892847107365520     
  0.51096988127696741     
  0.37765491481300151     
  0.75464095216458527     
  0.79589711688283094     
  0.75827631878477941     
  0.50893944841223693     
  0.49284394718005087     
  0.46094086392161054     
  0.75559738075015392     
  0.56540715923973905     
  0.97611767962880869     
  0.78273462775888381     
  0.72027573498929653     
  0.83839389246551077     
  0.39649100073656934     
  0.87989136677528967     
  0.88627597992022167     
  0.82384315268675623     
  0.88092240517544318     
  0.58091027941014650     
  0.54543723774664443     
  0.51273401956568121     
  0.33201735416930489     
  0.84876327641341853     
  0.27645358475857856     
  0.63700165028605260     
  0.39552958431166280     
  0.97251311797077233     
  0.45099175881187437     
   1.0074663021343755     
  0.60552551760053530     
  0.59081933945626908     
  0.50090663248656342     
  0.35801873322459804     
  0.44482870432092964     
  0.31454819040732029     
  0.51448178334573269     
  0.39397025202801900     
   1.0270004720442172     
  0.81644524269610030     
  0.88901793731129442     
  0.57452964684082342     
  0.83015215156201461     
  0.97558891164683670     
  0.55938034573258855     
  0.73943980198611137     
   1.1486762547554978     
  0.76299909360035845     
  0.82513406301015213     
  0.96505956386276315     
  0.84394649365686802     
  0.38631743504799843     
  0.75370843310294233     
  0.88198236389259832     
  0.80272202654128588     
  0.82178762307698927     
  0.73998259858458360     
  0.80927864344303424     
  0.61634204398865788     
  0.61588225638063587     
  0.59106235500077631     
  0.52057737606561783     
   1.0974604336592180     
  0.87799888639421608     
  0.70481127625395357     
  0.58392503030958220     
  0.73333537407962301     
  0.80308481003030119     
  0.73818114005653934     
  0.48633479072482366     
  0.73821058944010887     
  0.89381102885830244     
  0.96232319468593996     
  0.78031688288576384     
  0.87881486464672898     
  0.98676563415906227     
  0.32680558930078263     
  0.63346620723374802     
  0.62514740237522581     
  0.38590718749550423     
  0.84511609917618957     
   1.0200689642631637     
  0.46673771450661350     
  0.47108351867055964     
  0.81171158772349283     
   1.0081817115283023     
   1.0084932903074528     
   1.0656691432938945     
  0.62704234420107829     
  0.48179322761990834     
  0.75482561591387054     
  0.74264133528853671     
  0.66522682915242648     
  0.87594043937246679     
  0.93084070704085808     
  0.65523667008059860     
  0.56566322965152360     
  0.88591167956306616     
  0.48169325714538963     
  0.79298016435265906     
  0.94999298223696649     
  0.30941830145118276     
  0.64425431602219208     
  0.87117431517948962     
  0.30001913981377876     
   1.0579938415811516     
   1.0253817277955488     
  0.82107541261399986     
  0.82831002859218361     
  0.78020806221167016     
  0.96125885814986078     
  0.50116774862358748     
  0.57628370716561017     
  0.75366245169975110     
  0.60851375615578196     
  0.39007317562591587     
  0.61430176440599460     
  0.56772046842881119     
  0.50420545752876700     
  0.31601057206485267     
  0.81252730527002404     
  0.50192970589925601     
  0.77215862463288187     
  0.95667826225791908     
  0.47159025414027206     
  0.69206375878992288     
  0.35966316819097005     
  0.96158318624529060     
  0.62576530568228739     
  0.71428605198081641     
  0.75702952673291513     
  0.31745324358887328     
  0.80927174739918151     
  0.35011351578040817     
   1.0147810757213098     
  0.67198815642373599     
  0.71002700351805437     
  0.68745046247836294     
  0.46727678582856591     
  0.99786572897305370     
  0.80257079041485579     
  0.63613744918416326     
  0.72141876755682965     
  0.81329182903244124     
  0.68330643041998851     
  0.78721445986690131     
  0.59624494576762066     
  0.89454691658258745     
  0.95130758313999364     
  0.72122070325198140     
  0.86960071365660818     
  0.51327736683102620     
  0.97280028666922114     
  0.55627023492654937     
  0.52292187441335536     
  0.58268367078192962     
  0.97198378829587506     
  0.85782831870242138     
  0.63361026520583186     
  0.85810521279861529     
  0.24711763878725934     
  0.70694824381557964     
  0.69364511709103516     
  0.66719342896163081     
  0.69395330629468965     
  0.52642812898843505     
  0.50914464032177043     
  0.83211114600111991     
  0.77734176681996170     
   1.0232465684609391     
  0.47298992036320142     
  0.60182296298489457     
   1.1002795750387360     
  0.77937334704154215     
  0.36209336182579505     
   1.0479107682521080     
  0.73532080747731698     
  0.67731624032737370     
  0.86095666741194166     
  0.96142275326925652     
  0.47978153635533261     
  0.69550661048193840     
  0.54170785567168034     
  0.65165035731157395     
  0.66399267993458666     
  0.52457045827202931     
  0.57237483021247015     
  0.73748457610287366     
  0.51283325266938451     
  0.79430401045935983     
  0.49429802003842566     
  0.72395611712173447     
  0.36910373768611460     
  0.69737184735324897     
  0.88537162007342196     
  0.53911940337534014     
  0.89024505062053461     
  0.78373575856145938     
  0.89027460082553078     
  0.79048499445960185     
  0.57268026039057784     
  0.50776267608407077     
  0.68689644967317665     
  0.96017576888460887     
  0.86166785314305605     
  0.77901812051921671     
  0.55368034438186053     
   1.0593173273666445     
   1.0627021885523411     
  0.62611386468505315     
  0.49269537912841183     
  0.83615064278153572     
  0.94188866529028137     
  0.80109571225565945     
  0.90421273845254724     
  0.68401368076706626     
  0.87799888639421608     
  0.43520762944670799     
  0.58691653951287659     
  0.98543102728015275     
  0.39800324087841543     
  0.52843117237187165     
  0.46068767241025266     
  0.66647927101509441     
  0.88344051762078168     
  0.98761507547962601     
  0.75068552689701706     
  0.35111171392839441     
  0.64548504546659158     
  0.76329944436743891     
  0.36723393319472369     
  0.98581612689448317     
   1.0026338516307567     
  0.56945200051971923     
  0.51038449237167738     
  0.29743919472625957     
  0.61439172268409359     
  0.97802961779974062     
  0.60464373876758781     
  0.86627989251575721     
  0.66866377520639619     
   1.0591015027574766     
  0.96501839484221763     
  0.44911927213230646     
  0.68425390051454293     
  0.26232117469009197     
  0.49475256629063030     
  0.32704735524750167     
  0.51030501150794161     
  0.46864114774626042     
  0.65971990876725806     
  0.31243740685473065     
  0.32028343951839622     
  0.65900746168121294     
  0.32075970914504232     
  0.25927747756513952     
  0.58884706358268035     
  0.44742881532946377     
  0.31788053557828694     
  0.66529149556633638     
  0.41296771719342940     
  0.88322338963658054     
  0.52764797513937678     
  0.75402904895846501     
  0.66449158390217367     
  0.37370066789477613     
  0.33068335897765772     
  0.42904948453006336     
  0.87175932987160232     
  0.69210111902164972     
  0.74709244722667723     
  0.37981157227812373     
  0.46384823965227712     
  0.83262476990890222     
  0.79396056755568101     
   1.0399373237080034     
  0.30023572828446093     
  0.89346028265171940     
  0.90284310553664748     
  0.55150172476269976     
  0.78436096108581255     
  0.32341498041581890     
  0.71313722512570732     
  0.59482819492748340     
  0.31270812181250146     
  0.92571017906980202     
  0.31514382319161255     
  0.51904599403542295     
  0.81791345911081381     
  0.86138622449941726     
  0.57251967388874847     
   1.0696226826027939     
  0.94893482915966509     
  0.52203626007303217     
  0.57191320742102270     
   1.0628589096821639     
  0.82263470741496814     
  0.51955970048762967     
  0.64352032045857832     
  0.35180278468249171     
  0.31648853631397939     
  0.82078532117767777     
  0.72341613909539026     
  0.93552645420511316     
  0.63035235915572640     
  0.92769449390397618     
  0.53423234831641764     
  0.33159746706180598     
  0.39026076548399136     
  0.67733693458808242     
  0.24268682271128672     
  0.42708647497692415     
  0.68264879648848542     
   1.0349387573761157     
  0.44846635150093372     
  0.60102301015678339     
  0.76934987161714841     
  0.84860650655142733     
  0.78296208739762063     
  0.31936907829006084     
  0.59674685266934657     
  0.73403425418080048     
  0.43816256117289859     
  0.44678999061770996     
  0.99354656399513408     
  0.97194112946254041     
  0.72769231512691945     
  0.74681285947367371     
  0.89544323461381781     
  0.27882570860516320     
  0.35233488763668475     
  0.72130718982907904     
  0.72943060087684730     
  0.97660130178799220     
  0.41903205837186080     
  0.49814317970650196     
  0.44430097826214177     
  0.57302541787148253     
  0.75376363428918380     
  0.89755655907178933     
  0.43821209901738267     
  0.60589488597501029     
   1.0112241640191124     
   1.0214804644318702     
  0.50206072506854660     
   1.0087063980376800     
  0.53153410882049967     
   1.0047022513451711     
  0.92724065839756964     
  0.80799190710204283     
  0.43649352349812093     
   1.0214911723504880     
  0.52922155395367021     
  0.95084082157311101     
  0.83309672051675521     
  0.83969580363846974     
  0.90950030041771857     
  0.40878410875817145     
  0.85169720029226970     
  0.52182566633101313     
  0.56599917530322119     
  0.54254959629056132     
  0.81114374354706842     
  0.48135073047276722     
  0.88844563009141853     
   1.1774326267644959     
   1.0273658757258386     
  0.89877519647801463     
  0.48511120796749585     
  0.70943853697415049     
  0.80456537304215692     
  0.89906675135113723     
  0.75606523985873242     
  0.83402745134430645     
  0.96928654360513511     
  0.55655417092326764     
  0.72876371547769248     
  0.60086670054744618     
  0.68223740341016736     
  0.27185199490605083     
  0.56034825522398723     
  0.76310687601161509     
  0.49352410919855666     
  0.97296611256465781     
  0.91685538113000731     
  0.40335897369706375     
  0.25088691409963676     
  0.75835469984934067     
  0.34406014771726218     
  0.33106118277058411     
  0.98200539461928715     
  0.88959218561186904     
  0.34151750441328843     
  0.83365529380096060     
  0.53796129123607661     
  0.31411621048483618     
  0.68451074752917496     
  0.80949263418569917     
  0.51820320417413790     
   1.1483108698574478     
  0.75909322242442356     
  0.65131747185551658     
  0.89217526639047906     
  0.53793647791373056     
  0.74781640267867910     
  0.55101011869194150     
  0.81495274979889576     
  0.53470409499764116     
  0.35203396633170120     
  0.56057449643352553     
  0.26436390213487226     
  0.64092055690176497     
  0.78354748838288790     
   1.0232893270941474     
  0.49427561009058618     
  0.70864148588568643     
  0.50658421918507712     
  0.66497044235888003     
   1.0803719441720603     
  0.54014550795841554     
   1.0845738613118456     
  0.45892360612489941     
  0.92346383111352615     
  0.79236427894814299     
  0.87097650776520830     
  0.98464961616378910     
  0.92163807907934592     
   1.0873747675740442     
  0.73320564264931454     
  0.64812786209028228     
  0.82839488105622561     
  0.34295635104684968     
  0.37361958930124251     
  0.22012534972961786     
  0.52889680523293292     
  0.69395330629468965     
  0.30732587522484356     
  0.78286919555317758     
  0.60520733446297081     
  0.31488507659741921     
  0.30212565452708751     
  0.35064852020981890     
  0.59418492263854350     
  0.57068822716470358     
  0.93786276414694558     
  0.62752546379947727     
  0.63232091328520290     
  0.63070863846728442     
  0.48622935563994041     
  0.42148801090396815     
  0.64693397464041158     
  0.60085036096868294     
  0.51289934060824593     
  0.79927834658313157     
  0.71093034824650470     
  0.57756731587655374     
  0.67738238504880866     
  0.74512144619907950     
  0.74542565793985827     
  0.72425146137945851     
  0.65163702937113521     
  0.73973742618422256     
  0.33524643703495816     
  0.76929898746962500     
  0.68344448256899626     
  0.75517638619623051     
  0.71355030764675986     
   1.0437066222532809     
  0.81994786154372457     
  0.87786123757903345     
  0.30996111449700314     
   1.0320461275060331     
  0.64890428119612509     
  0.81093746418117008     
  0.55129729660629623     
  0.32259915835668074     
  0.91114585314780294     
  0.19724644152628465     
  0.55631471838944480     
  0.85618940264288279     
  0.97417715113861347     
  0.84539497659684393     
  0.78558687223740842     
  0.78094837741435597     
  0.68198708707314515     
  0.40115806677609417     
   1.0916522586664745     
  0.39778586106021130     
  0.80427533094164838     
  0.53856752904304406     
  0.49894792598449555     
  0.59754545744935139     
  0.80837140922942408     
  0.51475932946143621     
  0.43681563766146392     
  0.43806961394980920     
  0.51026672309325893     
  0.64507561582450335     
  0.84787285339764484     
  0.67065344723626286     
  0.52496198651465220     
  0.91740817907726313     
  0.67063604021841394     
   1.0358322181830590     
  0.86223096221494244     
   1.0229465860433276     
  0.77105071404441128     
  0.37622776590528006     
  0.69908252229869494     
  0.95906366297696799     
  0.66276482457519781     
  0.55653284498413502     
  0.96532862066087344     
  0.72564597908850337     
  0.51732174528506236     
   1.0624021847242118     
  0.63080934077026951     
  0.96484814477685910     
  0.53219042404393502     
  0.28616599706175416     
  0.46387295464954342     
  0.76356296342381136     
  0.83422026329831489     
  0.40037110768216472     
  0.53716143798996951     
  0.85052206313826584     
  0.70666407797867437     
  0.96158318624529060     
  0.91968440068684065     
  0.83813129786401963     
  0.66498864223101162     
  0.58131725440926496     
  0.82989882801563630     
  0.50862122361664253     
  0.35474153074240633     
  0.42795516511664616     
  0.62493996482547021     
  0.74252140863124727     
  0.17700563885757076     
  0.30370940219188969     
  0.70688891824098565     
  0.43062561878824346     
  0.83596575223971681     
  0.47805814200110075     
  0.95499616232492701     
  0.34474408689248315     
  0.49422292715770855     
  0.34858593079900718     
  0.47075049956824389     
  0.27145914010698624     
  0.83759844376791592     
  0.66590411241053193     
  0.64782030682112912     
  0.23343740337381924     
  0.52255276613041945     
  0.46465766748568477     
  0.84801307922915536     
   1.0262808520904658     
  0.80024041375721999     
  0.49363498201413269     
  0.83425485411399269     
  0.75032456944948689     
  0.59677410682190402     
  0.75490777029357281     
  0.74180582170696063     
  0.40906895732231990     
  0.71382485214316205     
  0.59586810915132438     
  0.44361716240375798     
  0.78656712156504949     
   1.0544737145660967     
  0.47609942800397587     
  0.40809671678206905     
  0.41207050151034408     
  0.62832641859000748     
   1.0340501244150886     
  0.88020679605733843     
  0.64345709330644107     
  0.49814082966124057     
  0.60177471993777776     
  0.98260201359932353     
  0.86615783473866637     
  0.97194112946254041     
  0.75297945759747542     
   1.0275463418340212     
   1.1248308320887266     
  0.89309884858611677     
  0.69298281667345751     
  0.74582614550016813     
  0.66080075259079296     
  0.95261958323571350     
  0.88051199624076815     
  0.35893586767054514     
  0.76241198534954291     
  0.43022030908026293     
  0.46016825345166384     
  0.69284347430799731     
  0.53854702135163102     
   1.0348892814354818     
  0.41375403587709136     
   1.0213377439579769     
  0.42538014772253768     
  0.94241359703289207     
   1.0688735716730822     
  0.39279884470614224     
  0.81600651513724543     
  0.34401943340872698     
  0.49452592011753316     
  0.53334564369932158     
  0.69730461263376897     
  0.62352220369043698     
  0.68830498436933107     
   1.0659754019190426     
  0.65589501043373810     
  0.77084694163018508     
  0.58693494587793471     
  0.75883837218691053     
  0.57963736203058680     
  0.92893082137268435     
  0.43779077095268443     
  0.87636749826680260     
  0.86881078598621730     
  0.78500587907206887     
  0.67049497378367373     
  0.53322425388099970     
  0.63963641562886697     
  0.74312823277256179     
  0.49689390571408443     
  0.43734106691202806     
  0.80292471187715353     
  0.75673454048948929     
  0.67069188098134680     
  0.79324408743977137     
  0.66232751534134482     
   1.0537710367523316     
  0.83257060552885997     
  0.40687445137529948     
  0.81829590615899850     
  0.90215565861284264     
  0.94021559229301344     
  0.55612171724355863     
   1.0559453352105241     
  0.31108929011662695     
  0.34653195279660437     
  0.84982384221207985     
  0.53542909448550302     
   1.0190114236381034     
  0.59046111797955503     
   1.0086204158278431     
  0.72403843034964910     
  0.92601659237645395     
   1.0803744415473391     
  0.61887533872699718     
   1.1146043244241308     
   1.0656287078049433     
  0.60121046763800379     
  0.64929942829502274     
  0.72286076014162592     
  0.86212162024477323     
  0.77824014738008596     
  0.26917118352010794     
  0.87154727084029371     
  0.79307227552385207     
  0.55437036039662357     
  0.45492071264587797     
  0.63604606055475121     
  0.39960043463611061     
  0.66755377461999177     
  0.68922686313302373     
  0.69754636182015017     
  0.74864764650567506     
   1.0675460492380930     
  0.27753979129632134     
  0.84647937774287529     
  0.46610698191174371     
  0.52918740802841924     
  0.78428233334401076     
  0.55726449113965992     
   1.0974604336592180     
  0.70740095865932606     
  0.34192528383716680     
  0.75505870575246259     
  0.34942486509778559     
  0.40470886757621194     
  0.84702044907678653     
  0.86485360815892542     
  0.28253480198920244     
  0.58773739598051677     
  0.70548277354030586     
  0.95664671252631261     
  0.44700415650621839     
  0.62273390663914219     
  0.55022183579614581     
  0.66013527088980761     
  0.52284870055344723     
  0.57164265093386402     
  0.96736458381290902     
  0.75281256785246442     
  0.95134393565104258     
  0.72955571731469615     
  0.57659463308890613     
  0.62652413956617792     
  0.34805209429126560     
  0.52092643948737138     
  0.55171746288811407     
  0.83723844301813732     
  0.84378404320567679     
  0.78255856433432791     
  0.55539779987352622     
  0.93328119102852114     
  0.67570477572701571     
  0.32812805228621428     
  0.48791863939620006     
  0.49003333391909049     
  0.52262477704179722     
  0.59749300871381383     
  0.68252408383375651     
  0.97767417975170245     
  0.29058601927341166     
  0.85274286772302499     
  0.74083231498913416     
  0.60642135511218898     
  0.21022824512529370     
  0.43492092706105739     
  0.84857806866345520     
  0.65360961259392203     
  0.38598673561694408     
  0.46124548091739009     
  0.45312851467387877     
  0.31617475572668396     
  0.56859604367454464     
  0.56967722431925671     
  0.29436956709145079     
  0.28642688007620160     
  0.44775214505825400     
   1.0360599070825434     
  0.34391369744739742     
  0.80824210893733162     
  0.47671955299992225     
  0.87733527185814697     
  0.75983814504208735     
  0.64284646509514898     
  0.56755714403192881     
  0.56848691837651266     
  0.46791791783978653     
  0.34826086744667351     
  0.78180999448570365     
  0.62486668692460801     
  0.73689540241071361     
  0.50050657406709054     
  0.98750511675413011     
  0.71473542448557437     
  0.96744288982848781     
  0.67563265826751573     
  0.97873557650342091     
  0.83075684453580068     
  0.73766257720985973     
  0.29924051429973686     
   1.0103903602495559     
  0.79145700073699154     
  0.86409289339750606     
  0.64218271279580652     
  0.64476389786685384     
  0.78482451429722000     
  0.73232999004755872     
  0.64784015915648707     
  0.78339257641117799     
  0.68190168334119083     
  0.77717218463118809     
   1.0015286767669787     
  0.61578965119904649     
  0.78562794813007752     
  0.88580616680904767     
  0.79044980742986726     
  0.61631353758336349     
  0.91386435233712449     
  0.65397345425641751     
  0.83140459563576408     
  0.93216917658949028     
   1.0660458790442597     
  0.64984779363068523     
  0.94673649614069721     
  0.69295067914028274     
   1.0296619958487172     
  0.60604298128253886     
  0.88351969206648651     
  0.56627397527723822     
  0.95387262872503442     
  0.77832052140968477     
  0.50152757939437032     
  0.65185313802581457     
  0.74721965491440423     
  0.70756998384810221     
   1.0308372285874108     
  0.99901002776717285     
  0.39364249090723913     
  0.72031401577739873     
  0.41060759739611369     
  0.82638586556551008     
  0.36694066933209690     
  0.61393194625586389     
  0.99574987103749113     
  0.30908261608486526     
  0.31869965821634177     
  0.45526605967804828     
  0.57398089851286072     
  0.75657294621077642     
  0.89112021652973872     
  0.59969158433213521     
  0.69843145274172369     
  0.82904316784450338     
  0.94386926463589582     
  0.49589147330000055     
  0.81668077995100752     
  0.89995441402496690     
  0.83144813206269741     
   1.0879930907101985     
  0.32684980343771985     
  0.36985904786010176     
  0.70568119459655154     
  0.84734743215025154     
  0.39908411663377652     
   1.0817339813215767     
  0.72467048853760796     
  0.42374369959881997     
  0.32800842152341131     
  0.84339423270844427     
  0.89419904180443643     
  0.72872866807811176     
   1.0773897496405573     
  0.61410190271601872     
  0.73402162811629201     
  0.99672451947870422     
  0.50025189921866142     
  0.97118269453526618     
  0.85727708807637470     
  0.57486876723152602     
  0.76627792546409623     
  0.44155738623732899     
  0.76364338487649019     
  0.55840599761763621     
   1.0479107682521080     
  0.75983580228658576     
  0.72538870454939197     
  0.63478382736239092     
  0.32782419175464289     
  0.57574006878837169     
  0.84033112335920745     
   1.0277974969723145     
  0.54591446214157535     
  0.51471255909782232     
  0.49701855102116738     
  0.80729617973517820     
  0.46150687378070898     
  0.73893810367232804     
  0.75834373189297133     
  0.79417854403325316     
  0.92305676853359775     
  0.71114238889445591     
  0.68350386291413767     
  0.31385161402822065     
   1.1596951003126772     
  0.85224707439985858     
   1.0542622665529218     
  0.62282184236421645     
  0.95905034803156353     
  0.69360827161568317     
  0.70004192122289499     
  0.25203832838820717     
  0.77178741612460433     
  0.92685998558247951     
  0.39437777928690115     
  0.45380783676397740     
  0.55201116667576200     
  0.89124472509415154     
  0.48229962198920390     
  0.88095311790977393     
  0.57896985742158313     
   1.1456864160404241     
  0.42875413416083763     
  0.74051080244192546     
  0.81199407113616795     
  0.85647725462200408     
  0.70481444299387719     
   1.0398511535235644     
  0.95621244584065601     
  0.43714174673216555     
  0.48298894435151679     
  0.45937008493055642     
  0.57793335271502377     
  0.97392221411192492     
  0.60905144462557403     
  0.52310308500438996     
  0.61418598140293590     
  0.71758960868953392     
  0.71082261534622992     
  0.71855762874101237     
  0.49013778810751280     
  0.48275128392469802     
  0.48496602553785029     
  0.68985676206194635     
  0.84760032754317116     
  0.71582787548556204     
  0.34125601958026364     
  0.43778537513999266     
  0.76771470016296883     
  0.94750993269516082     
  0.25062359590300920     
  0.54485826369234946     
  0.41632603655120110     
  0.37144545358540859     
  0.93256846288834205     
  0.50957685064904434     
  0.33722991864923685     
  0.89632874690418085     
  0.96077240075055714     
  0.53322867652780881     
  0.73928415385460255     
  0.66287397194330222     
  0.93999252691359447     
  0.56442576141034861     
  0.59591275329489124     
   1.0272991721468190     
  0.59527910295972919     
  0.85739316603730464     
  0.42885023101784747     
  0.60545965415584369     
  0.51335424027540544     
  0.83152895698882445     
  0.44225526253576869     
  0.63708840537728229     
  0.95448583746804727     
   1.1041791173791256     
  0.46561518498624910     
  0.50976915528234323     
  0.52611047187918913     
  0.90069663535208511     
  0.53661940771701211     
  0.44644923318182572     
  0.76353744594611939     
  0.87510970252930864     
   1.0435304090406858     
  0.97714731845695890     
  0.59684071410893091     
  0.83429590674500931     
  0.54027850192217042     
  0.31845629656140906     
  0.52639015669865663     
   1.0349387573761157     
  0.68840073207646990     
  0.22480929784481729     
  0.83024851808301214     
  0.56855523977529776     
  0.77086275957470229     
  0.68093219893318024     
  0.87104755973924697     
   1.0169970659114884     
  0.57582333664033913     
  0.84802803648439540     
  0.59745169539508580     
  0.33044217354330757     
  0.38741707901871442     
  0.79926501709731845     
  0.26728878031916659     
  0.50902762630944942     
  0.70157342126567168     
  0.82696234784709566     
  0.74957415166113217     
  0.86932690225786879     
  0.61088527280734173     
  0.51184241520036566     
   1.0114460951171933     
  0.43841333712063191     
  0.90607774959709741     
  0.64595158854167689     
  0.69880167102859214     
  0.46243071024191162     
  0.88773894625467531     
   1.0850777408846406     
  0.89914172317551133     
  0.49799522225012072     
  0.71949397277370775     
  0.44455919539062688     
  0.34965855239282773     
  0.77182490850134788     
  0.91160134454244612     
  0.83892969114135563     
  0.44406239492511090     
  0.56662429583892626     
  0.72490139694076783     
  0.90739315981670410     
  0.47817341307574646     
  0.96675868837029022     
  0.29376979479616266     
  0.80712926746267077     
  0.27067971122791290     
  0.46695300812240131     
  0.53514680568816464     
  0.69630003515970007     
   1.1048497885962243     
  0.36278912110834555     
  0.59774122515971428     
  0.29106310374621325     
  0.47280023103049951     
  0.79156244628238603     
  0.45184344938325255     
  0.85336103298373589     
  0.48776582648254685     
  0.52729489526864282     
  0.59531017685712984     
  0.85410360879351632     
  0.49326756486603457     
  0.81687648416143621     
  0.94307351256175787     
  0.35996407611961506     
  0.33740340106300104     
  0.77901966870309824     
  0.48825397440646950     
  0.55949904233865777     
  0.96528116308733791     
  0.39449558528654372     
  0.86550055002834081     
   1.0548167921956109     
  0.61734284119754890     
  0.59180884058161365     
  0.98603678539379047     
  0.93355928485107165     
  0.46755142187023108     
  0.71797211904322555     
  0.71038571911027459     
  0.71637197424011378     
  0.50583698810277677     
  0.56729095288272124     
  0.94917236146253015     
  0.31560361596222009     
  0.88059821715182751     
  0.47426939891502679     
  0.82283688975093616     
  0.65288045731472000     
  0.76861371967442815     
  0.69838369147811763     
  0.94491682172576585     
  0.58492647358631156     
  0.51886430073682988     
  0.35577828492077340     
  0.73197904303012606     
  0.54913967431736699     
  0.61232665301245059     
  0.41215478830805863     
  0.48039507828170297     
  0.76490965988467152     
  0.59264581741672073     
  0.48520169002635494     
  0.72993070124412629     
  0.44273796117413700     
  0.89850554985037745     
  0.72123237248085525     
  0.60472977491296886     
  0.65130918956538397     
  0.69586753020851855     
  0.33335612385850216     
  0.59236468519327690     
  0.78329239435702058     
  0.62159548218143490     
  0.76568174033101266     
  0.83410901921777214     
  0.71471610125563068     
  0.49902586939153593     
  0.80384056336266696     
  0.43200502465288732     
  0.74269549610034247     
  0.90019948969577990     
  0.81796395514159248     
  0.74185049976226614     
  0.92279132612030357     
   1.0278636332612494     
  0.68320048056292848     
  0.79938601166218404     
  0.72317297366605571     
  0.72580715482076907     
   1.0803719441720603     
  0.77044714624033583     
  0.80604005830228220     
  0.55399969056300125     
  0.24759520797114293     
  0.50860938247617238     
  0.41825226078520206     
  0.80330288237430025     
  0.75640763035993708     
  0.53679335590904598     
  0.86161364647255712     
  0.92409496049672268     
  0.85711380025401618     
  0.60125627344892518     
  0.32891753989148981     
  0.45856552305418680     
  0.66277410812512894     
  0.85302819636548965     
  0.95853952179634649     
  0.98716929030606249     
  0.79519448253460823     
  0.59087441143510255     
  0.42209806357404567     
  0.81465148941874743     
  0.89106443060873941     
  0.79095908370117107     
  0.59838245339017015     
  0.92277769436950496     
  0.83395960133236358     
  0.87309522120090965     
  0.50340443639088450     
  0.57104600331186495     
   1.0548167921956109     
  0.94972655758465152     
  0.85195601502909879     
  0.92033600498581203     
  0.93958284035631046     
  0.68882522939350754     
  0.56536877421239695     
  0.59576705800375063     
  0.74852897971255106     
  0.31593256212734522     
  0.77107841413667277     
  0.38662288108013271     
  0.29881276713326077     
  0.55205620364585295     
  0.85140141133039715     
  0.41221570228244270     
  0.35959802428572896     
  0.47034315292109313     
  0.91182499568526076     
  0.88733968859902423     
  0.88355277710899194     
  0.37443165085298402     
  0.40847356957389241     
  0.26444274723189626     
  0.67705141990550621     
  0.96883132786860060     
  0.49477873463861932     
  0.52071432721422894     
  0.68142311881774631     
  0.85345318514022561     
  0.28557080959658276     
  0.47270617597987735     
   1.1042123573858340     
  0.73634228433737714     
  0.81045954450848767     
  0.89577912099558687     
  0.45959125152877517     
   1.0021156755743257     
  0.98846011439940740     
  0.55778053210620782     
  0.55448144321286275     
  0.68643335895500301     
  0.46429887456725139     
  0.59992036608671040     
  0.86996012202815354     
  0.49940891735491522     
  0.76602803377923245     
   1.0968412771500606     
  0.97613052740034145     
  0.83356315505295664     
  0.51052942221333031     
  0.53705919268497682     
  0.32346348127189350     
   1.1067546002801039     
  0.93111735046274569     
  0.95072375824165922     
  0.77932181080998708     
  0.75827631878477941     
  0.69011273552481200     
  0.39265748700225395     
   1.0357803998672050     
  0.76758464840892315     
  0.65571848543846456     
  0.66139810344532457     
  0.74159435699089382     
  0.85822425767597710     
  0.54818313471329005     
  0.71701713177290349     
  0.36616606595212381     
  0.78757461250412919     
  0.64722760607309371     
  0.60021555343152833     
  0.78050306276458747     
  0.68505908261384607     
  0.81244928981767506     
  0.71565354321286800     
  0.36987248172489884     
  0.61183779619102285     
  0.90895404942453073     
  0.61450588066244172     
  0.82078532117767777     
  0.34655952998156980     
  0.67802444948410889     
  0.38586105578113311     
  0.13903360268167073     
  0.44940404245354892     
  0.73830340856400856     
  0.79262794663284264     
  0.70402881164638720     
  0.43954296051791575     
   1.0050044339937219     
  0.74881767208358263     
  0.72255762053628492     
  0.20433527777560551     
  0.71938459391544607     
  0.54485858492959349     
  0.76036694846795250     
  0.74608033478015379     
  0.62134663107693577     
  0.46431310998234276     
  0.38618447988883742     
  0.88171026005154451     
  0.78535880619981768     
  0.91791809360917043     
  0.99197985498009345     
  0.57863869075738805     
   1.1388791283029649     
  0.73122735099972358     
  0.60702157048958827     
  0.87542317998517283     
  0.46740585105311733     
  0.93111735046274569     
  0.32207485468313607     
   1.0011827294161730     
  0.32770543071710756     
  0.40764415658038511     
  0.82872135724267548     
  0.91591331496936967     
  0.85851805422779448     
  0.40261578008785026     
  0.51605783534488703     
   1.0641531540586999     
  0.90597214774450641     
  0.54516947284472650     
  0.61846380401987877     
  0.80392812425353599     
  0.92246631731045325     
  0.64094608514546447     
  0.83365529380096060     
  0.99668735052273505     
  0.60150813944165682     
  0.70731298999800207     
  0.90607774959709741     
  0.90146378927907622     
  0.40782649900318341     
  0.98837751709765753     
  0.77246003743608660     
  0.52930314986544258     
  0.86341332744887400     
  0.34956928054755720     
  0.71467349677261693     
  0.64633700369272751     
  0.69156912746169197     
  0.75482561591387054     
  0.84176845364798580     
  0.44326102559606106     
  0.44619115157027944     
  0.39400308347954943     
  0.47963126243733223     
   1.1126078469529586     
  0.34121199026247456     
  0.45959282508416988     
  0.88210568622825958     
   1.0817877226578696     
  0.46131235598619502     
  0.32068845560663023     
  0.97156007166667202     
  0.37716369982008274     
  0.77044714624033583     
  0.83460541834385960     
  0.86914335917947017     
  0.21460122354536648     
  0.47781278520099885     
  0.53513631451952437     
  0.89066712360279998     
  0.79163467880966953     
  0.34290315002634547     
  0.54775446064191513     
  0.30438875369597562     
  0.49174412008238566     
  0.59287206000012083     
  0.85681958127987579     
  0.58116902006616944     
  0.91314731268026605     
   1.0306143472267493     
  0.46050564457731008     
  0.29160046911559662     
   1.0624021847242118     
   1.1248308320887266     
  0.79262794663284264     
  0.49120552714997273     
  0.59295321788985245     
  0.53336541140892990     
  0.72104759368550919     
   1.0147810757213098     
   1.0512335924858245     
  0.73325034051958349     
  0.70610110218417721     
   1.1052849176403843     
   1.0486476356823373     
  0.91729559526163384     
   1.1279084573594946     
  0.50732105788428794     
  0.51652668879867070     
  0.78337089915319780     
  0.79208277495215773     
  0.30774667777200604     
  0.73096661064065005     
  0.54297866736022726     
  0.27189204809690382     
  0.68736278856614419     
  0.33604820787506845     
  0.83327803829774649     
  0.51020533402625556     
  0.93126421872094356     
  0.56957056705422793     
  0.78017761782327977     
  0.57354646961885913     
  0.84513911208268089     
  0.26932216476308585     
  0.91070787015417065     
   1.1443196107701796     
  0.77190562106400606     
  0.52113508256234875     
  0.82370861462701950     
  0.62847511545282297     
  0.48494066762819527     
   1.0143485292227381     
  0.91612837535299974     
  0.79788108844449013     
  0.66314407790334173     
  0.85287854190437618     
  0.85382330437120002     
   1.0213384724365424     
   1.0654897267528092     
  0.83225055903310308     
  0.74731108458427875     
  0.84750955869447353     
  0.92500604019402766     
  0.77324006898967668     
  0.74816038987293798     
  0.52249017589885716     
  0.47716887040651507     
  0.52534661743630606     
   1.1306157996049444     
  0.35992572404889911     
  0.90500439167548241     
  0.85662688914719365     
  0.71950437837094283     
   1.1009900826233945     
  0.36717912237527311     
  0.67646712873773240     
  0.47871660168290081     
  0.60018767866935196     
  0.78430616134387687     
  0.85052206313826584     
  0.49062096837652658     
   1.0409251378479767     
  0.79394995587219108     
  0.81648926247311182     
  0.67587008542136984     
  0.81954110801158264     
  0.81475089567057779     
  0.95601632915431134     
  0.87135974286953166     
  0.59056643776716111     
  0.97810732356401831     
  0.76849557688753456     
  0.27394036671143118     
  0.50741548360665967     
  0.62752404605006307     
  0.84757791426398432     
  0.62726462023950025     
  0.97037539327274025     
  0.70999882106186130     
  0.75597180602227576     
  0.80465730483308195     
  0.45033861062467684     
   1.0527874172095126     
  0.70124798249186548     
  0.61811931048618296     
   1.0528107176999313     
  0.32108517751070914     
  0.48081341970583558     
  0.69736861188816124     
  0.64622075577109361     
  0.91654771434254967     
  0.31524320109410087     
  0.80383654955520700     
  0.84121208126473035     
  0.76709061152397506     
  0.48398654960734744     
  0.55741678789010329     
  0.94917236146253015     
  0.52740074570576856     
  0.63795937384767376     
  0.40669417047542011     
  0.26233137567256976     
  0.88920578897679337     
  0.33094706309222111     
  0.44641609807420529     
  0.97383551789703704     
  0.43967683347460357     
  0.89418709145742525     
  0.93979179711802829     
   1.0559453352105241     
  0.80469510161430424     
  0.29256941609992604     
  0.96532862066087344     
  0.64908393408114284     
  0.81502401931362811     
  0.53847661926969137     
  0.33580595913464950     
  0.61514735934711218     
  0.54178706401672316     
  0.63354695139571138     
  0.75531100795734329     
  0.72770491029165218     
   1.0101366663443891     
  0.64773318601096030     
  0.65975632045317156     
  0.73621855328845653     
  0.94967737969415589     
   1.1067036765258702     
  0.67094391570059919     
  0.34259582881833994     
  0.82262754914335412     
  0.42252104009553543     
  0.65651007415561835     
  0.50751977521016078     
  0.52854497744835127     
  0.47320895933843526     
  0.66172026626113700     
  0.86142893033523416     
  0.74362899996398968     
  0.92904344949930717     
  0.86396766215907594     
  0.61500524456369854     
  0.95391944218189684     
   1.0795781598921084     
  0.80008830103920270     
  0.94727286020159740     
  0.75669836370559873     
  0.97488352086011232     
  0.59181453288929264     
  0.53874698153049683     
  0.58074040513544700     
  0.65505147706610167     
   1.0357803998672050     
  0.20331158599830876     
  0.87510970252930864     
  0.75312833572262905     
  0.74415117869632363     
  0.99493849571243298     
  0.46904527425154280     
  0.95395965134726146     
  0.54175808267504377     
  0.48463630447076994     
  0.30854708081579579     
  0.52940161781293471     
  0.50594064085034018     
  0.77364802687244916     
  0.74224292300078820     
  0.52467018239931340     
  0.45176707863490373     
  0.90064475512151665     
  0.59010693163972017     
  0.73958992397716328     
  0.73355306830236633     
  0.54851762261257919     
  0.77355870613453726     
  0.44699373300457113     
  0.59388169539693836     
  0.68214151534074019     
  0.84017252590869307     
  0.47588890320812721     
  0.40656723978056669     
  0.93971128690763595     
  0.45788836596106358     
  0.17163084430915437     
  0.88985136691667277     
  0.47699570930181340     
  0.82466666736480743     
  0.90069663535208511     
  0.82819836570939098     
  0.54187355408831972     
  0.81358457950104701     
  0.86253581578365224     
  0.33347966602525653     
  0.68290197073032954     
  0.48983127916942953     
  0.65292762406414595     
   1.0128897927949299     
  0.99437765267969935     
  0.56084107040446418     
  0.95072375824165922     
  0.48870815669394180     
  0.26626190687568629     
  0.87185745669759007     
  0.83964512755728571     
  0.76478503287710153     
  0.49697680662104304     
  0.33186649538611257     
  0.35637353954438988     
  0.34217866844133810     
  0.53801475862985826     
  0.71232786177478857     
  0.76544589601403612     
  0.66191680380596751     
   1.0623105844464364     
  0.43847700829379871     
  0.59261903525807991     
  0.60312122306962490     
  0.84761772451073225     
  0.60384295030620860     
  0.76399262432784421     
  0.35437780124108637     
  0.25429913148394373     
  0.50420659445366822     
  0.37170965826726410     
  0.29112536731823552     
  0.92798838487863444     
  0.49141604084825230     
  0.59958281644271105     
  0.53564955894407307     
  0.60492020307388328     
  0.87926350622870342     
  0.71275846855100600     
  0.52743247948493099     
  0.54101469635148691     
  0.94550135752807329     
  0.48923030429636372     
  0.58650558347399273     
  0.69023349405685197     
  0.33643319357235613     
  0.53931920214420326     
  0.58740013944945557     
  0.67739645971315898     
  0.33534225330875761     
  0.83704992524202759     
  0.72340703308910914     
  0.71686137412602746     
  0.53219334164593302     
  0.83144858671363220     
  0.58083819149027205     
  0.36170981219410531     
  0.39671498780052261     
  0.62002800412852521     
  0.70981489443350410     
  0.56173543276249771     
  0.64631674855705179     
  0.90399515681128939     
  0.55980453975151112     
  0.96357601145752758     
  0.43887664149912903     
  0.79805290638975213     
  0.30824229207235532     
  0.96465361694500062     
  0.94063907502361765     
  0.82808321677687158     
  0.52140251725804032     
  0.67384142247814838     
   1.0456367559350841     
  0.98972397071496854     
  0.99750721906449802     
  0.87395450697570731     
  0.52343480660402675     
  0.37106970078138835     
  0.54867495027765234     
  0.72266849864774096     
  0.75703480891663055     
