  0.32482931585696218      -0.11130066661589355     
   13.285166901340324       0.69360234172583191     
   6.0812204120081876        4.6571310001499908     
   2.5264379854883083        9.8500766420864423     
 -0.65622298843982430        7.0521460331165935     
   7.9816031933956193        2.0817208345433409     
  -2.2942882048322133        7.1431128650639897     
   11.844003967355867        1.4307653237942652     
   6.3727930960983112       -1.2379640677921122     
   7.0563005779798118        2.8390517376865407     
 -0.17926916205901389      -0.49878768534201612     
   10.359230913377099      -0.18936376919947184     
   4.3239460000247707        1.3640194484321144     
   9.8374281616525074        2.7267232524980480     
   2.2415231463358785        8.6881534969443095     
  -1.1263954479002138        6.6960588339404987     
   1.1023905238633844        7.7016604319286914     
   4.4251987565127715        4.3162713274949658     
 -0.49014767348704469        13.239472374895794     
  -2.3494944419206183        6.5705626889934274     
 -0.98433992009508975       -2.3923047774991311     
  -1.3724964115203708       -1.3313879461285421     
   1.2598379195598488       -2.0693622201058339     
 -0.44134272607889669        1.0711652940720882     
  0.85115061622015986        14.699493950279834     
   4.5296554151766255      -0.23140105715508685     
   3.2424859861004460        7.8410739000946661     
  0.96260229389021568        12.974531606557441     
 -0.99418617077987426        1.4534719059659400     
   1.5238851742856916        9.0323647004265482     
   1.3436596153160769        4.0737394601063208     
   1.9899623211444091        1.2828105608151450     
  0.91182463828809546       -3.6045492276862352     
   1.4157340002080980        12.787471545738395     
  -2.6285107513804125        2.1735232244917491     
  -3.8015537036571789E-002   11.467194225944294     
   13.739650010051365       0.58759118107510311     
 -0.71844561594410461       -2.1795254267077402     
  0.34103192708212626        11.998075644954749     
 -0.59259631333560137        2.9184069734414351     
   3.6406615801149034        2.4658055628735323     
   11.890411473481075        1.5023078350544097     
   3.8920845799694703       0.25308585036194842     
 -0.15433212088057946        13.548375524464983     
   8.9046399613811431       -1.0001091582185588     
   3.1190110237027175      -0.83631189086756175     
   15.106399555435148       0.44967365140234250     
   7.7451506660661185       -2.0836177258404720     
   1.1670173537232147       0.76330459558052066     
 -0.96658787645978528        3.6844033403210785     
   11.884196609280508        1.0528883119948373     
 -0.36985670086282907        6.7821744792252820     
   1.8380344855147905        9.4108238389459267     
  0.23104260491944739        1.7877755649397544     
   1.0245791292381252        10.683518563194792     
  -1.0565530093164610        9.4215571400722951     
  0.41602605853645125       -3.5620138106116177     
  -9.9016034676475240E-002   1.6970429724512028     
   10.267001961293492        1.5131513418920814     
   5.1413821190543363       -7.2150342476033469E-002
   10.704405579016472       -1.2743779969865154     
   11.132977947291790      -0.81376331734040042     
   14.028477568877355        1.5419398342135100     
   16.207340958376584      -0.64093085374786485     
   13.307950726929858      -0.99871396816373270     
  -2.9333372312368193       0.98481912671085414     
 -0.65069034976513329        7.3168737551870739     
   11.390411470771154       -8.9165748900309705E-002
  0.36138002798621116        2.7778115950428219     
   4.2586300810628934       -2.5416238229323800     
  -1.7923441676918410       -2.5425911350781920     
   1.9067316975356494        9.9491003064559109     
  -2.7185941753114453        3.7011191727319108     
   2.6897117730998241        5.2972931238051091     
   1.4093676676509475       0.69345892324701097     
  -1.4654556386964670        3.5904964275411082     
 -0.24493949829265160       -3.6481746920649751     
  -2.9423758770384523        1.7501532766483878     
   4.6818050483304834        3.7045030387415370     
 -0.87023340962072160        6.3897266381908464     
   4.8367963007220940        1.1347217432433343     
 -0.25347464716359314       -1.4986078962980693     
 -0.37161882827364279      -0.81180322660868987     
  0.58563471735667472        14.270879500393242     
   2.4062732619569740        7.9405115153515551     
 -0.35990796952896797        15.763941020405603     
   9.8051408461486371      -0.17733073676791955     
   3.0264002245002892        5.6711208497636969     
   9.5017995658272749      -0.96139828527652860     
   6.1771549685584493        4.4138249105061567     
  -1.0296184791541045        3.0677699662684912     
  -1.7757531162115754        5.1828831239165991     
   1.5108415868156424        8.9962731132593525     
   1.1764701080257360        4.4982774830226093     
   5.5247125796107657        5.6885537668898545     
   2.6069705047276246        5.4240107122439793     
   9.6982442188580524        1.0554502395423464     
   2.5760492357802018        6.9434713039861089     
  -1.3914835863249553       -2.9176127339677769     
   8.9426820120403079       0.16403117112987164     
   14.038885800656471      -0.12527272487068686     
   4.0783569419023094        5.3918935495411189     
  -3.2202679577051661       -1.2535013517179019     
 -0.65902804490842515        13.245946381576026     
   4.9926450392844863        5.5594034101105168     
   5.3818831317707474       0.42835541005251976     
   5.1294690770939209        5.4901155758721840     
   1.2945814514164367       -1.0452116611061872     
  -2.1583895687736221        1.8070791581626864     
   2.7797489220824678       0.61931380475115105     
   4.0563012978902639        1.7712061675533999     
   2.0987326318403952        10.008904982062806     
   1.8154544474527512        6.9897756911814080     
   7.4602614746275044       -1.6305441310759785     
  0.26416845394050803        4.2329927157892264     
  0.67143782748075065        15.383267293542222     
   3.9394671991533041        7.4270991699162670     
   6.8224280260434416      -0.14217429040641560     
 -0.24904531077106196       -1.2661038589043092     
   8.3057633422180093        2.9868831158475828     
   7.3257090942640399       -1.3556699782462438     
  0.17694939994128545        2.4455054860876642     
   12.213555311076187      -0.68135524401813496     
   2.1589369945302668        6.2882881434891020     
   8.0696269675375465        3.9563931209730701     
 -0.39106619730419512        3.8433730323445978     
   5.0963184859403405        7.1270725322860384     
   13.884193748764313      -0.36055212828893923     
  0.16093045700799546        1.5178185094149992     
   4.6362496219036906        4.6588920921663766     
  -1.1249976682917948        3.3582570279937585     
   6.5626995335736034        9.4304310333116703E-002
   3.5451217796113381        3.8482616071608069     
  -1.5984457609463409       -2.0055733726193274     
   4.9902971886861334        5.6753401719242520     
   9.6692680006660314        1.7381489136176951     
   1.4866202313338519        10.456900424104681     
  0.61829585959143563        6.2991273875096381     
  -3.1599853148012169E-002   6.1683664106397105     
   2.1730395263229969        9.0780358327914321     
 -0.71940345807019002        4.7656193363739421     
   3.7878913858897860        2.5578164119832039     
   5.2157720226492561        6.2853205117131994     
   4.0629559555340933        2.5320439931737768     
  -3.2430923148801996       0.26180023868517210     
   13.087586660551123        1.6482811030918532     
  0.55892606296003633        10.685940966789456     
   7.8528874130721409      -0.37093821025090268     
  -1.3343778139768891        2.4106964014988890     
   2.0153334036272978        1.5061896632386915     
   1.4223221195661075       -1.3246804685296385     
  0.40148739071631168        13.221728791131476     
   5.3268239970695834      -0.77163721939509911     
   6.0418233245072006       0.42908502605469767     
   7.6988831158556277        4.1708172161060109     
   4.3101991221923521       -2.2794076619273058     
   1.7911034331072893        7.6217229576677328     
 -0.73293203744523927        13.179003183836087     
   6.7575962511555598        3.0043698656101681     
   3.4295648240074144       0.45186426079478004     
   12.680293634990386       -1.0989299504473875     
   1.0185228746214987        6.1542812745489863     
   4.1509371696712476       0.49493682524202853     
  -1.0033215812184624        13.250491118327147     
   7.8549979979411635        3.9026274691845702     
   6.5127218152642197        3.9746145174504859     
   10.440923445068076       -1.6121219213136664     
   1.4759471536121556        3.2951936735800675     
   12.094100897430828      -0.13329468780374532     
   8.7421752050644503        2.2866428061755419     
   14.642299837179143       0.67083743414440278     
   11.993935772683356       -1.0408960119528983     
   1.6368196868872600      -0.53131651247066847     
   3.1488948890590569      -0.41567239818074819     
   17.082129180831330       0.32792832262361404     
   13.810365640511035      -0.28707117861973463     
   9.3879141024262580        2.5437437131746172     
   1.8248088507363551        8.4988923875374631     
   4.2643108719369343        4.9105962414872488     
  0.74990748652306571       -3.5684967859424708     
   12.465514139804617        2.0571566817116747     
 -0.69645021838299215        15.162367698245642     
 -0.60456026547306108        7.7481390545851747     
   9.4304237468527070        2.1427620628955113     
   13.769468445096583      -0.50029148810608826     
  -1.0546041328734299        12.078979948276864     
   7.5335971845927929       -1.9607077489775013     
  0.39484852756243694        6.7510192749631193     
 -0.92117515626164481        2.7975263027525870     
   1.3724998431828235        9.4892303623981675     
   2.8748246151392101       -1.0383775991831632     
   7.3871789474028802        2.9251741199757610     
   11.445027026386001        1.8128266764835717     
   4.5948832523469365        5.5721860109610661     
  -1.2948158507388068        11.493770767994594     
 -0.56717915351561965        3.0663330824594803     
   9.7162494152434586        2.6755643768674453E-003
  -1.3396006285253566       -8.9613338924474206E-002
 -0.18269536345006410       0.70890614816254338     
  -2.3472359977353641E-002   6.6079890811982454     
   1.4021917995289490      -0.58183809549422527     
   4.4254123674617789        6.0458507751157091     
   3.4081289536429837        5.9715604465513090     
   5.7780934025575643        2.7534290556699803     
  0.89779058331677408       0.99720298265435581     
   5.4356025958958796       0.97904720510217924     
   3.6132074891486878       -1.6534453742639061     
   15.996425581047303       0.55301823229792735     
   11.760931280913248        1.7026959436329712     
   3.5144689790830057        5.5794866066840383     
   3.4819776331639689        7.9738604775023703E-003
   4.8330939909659438       0.21996452826203194     
   4.1754781794789926        3.7251025386927488     
   4.5329407730133813        6.9678515329359927     
   7.0424070498658828       0.26853570507039581     
   3.3417535309597000       -2.0488700600704766     
   12.706197888901572      -0.51869973058541730     
 -0.48544284941642157        7.2132774038839811     
   12.945096338938528       -1.2928622273825616     
   14.625970832581617      -0.82737114460271943     
  -1.7879474724626787        10.531582424593712     
   17.091592882999286      -0.54056616938218083     
  -2.0359157317239820        5.4065274612576593     
  -1.6868172915891591        11.129215396597356     
   2.6505103577865121        2.5112012876225283     
   7.5452627069770379        2.3143237123374591     
   10.894228391853073       0.99919448177943515     
 -0.52731023733619953        4.4112335711851403     
  -2.1296924498072913        6.8045664995916146     
  -2.0086699185013415        3.1598962104569219     
   2.7302471968886053        1.1178031213442292     
   6.4794210078689005       -2.2607314339680684     
  -2.9839015229362884       -1.1012297981293568     
   3.7271653551826676        2.1212763216850155     
   1.1686037377786986        16.162128079320603     
  -2.2250976758940335        7.6269666381924095     
   5.2297907745094108        6.1348363757431050     
  0.53811667905383453        4.5069299090255059     
   1.7170337123886830        3.9171307911543041     
   5.9043701663475492        4.0743291699099000     
   4.4353407108383545      -0.73611805049915624     
   1.1387096213299426        15.766726839093469     
  0.96789970062031916       -3.0111876658267467     
   13.810056241955101        1.1130023625034564     
   6.0485151079822845        6.0481247524193753     
   3.0216779683553474        9.5090226362903607     
  -2.4881481085132195      -0.34509562552070339     
 -0.43019812189077378      -0.98457554306790573     
 -0.98872476942198517        12.214027321791399     
   11.893564182092268       -1.1588779113315870     
  0.88533847476188843       -2.3294023356367815     
   14.059885460111571       -1.1639450244173730     
 -0.11267096701881085        4.5980762651923532     
  -1.2584371314504561        1.9024155230229427     
 -0.20543111130087910        9.2418177631384708     
   14.633017989148611      -0.13470764924862078     
   2.5958519759384568        2.1841635797758663     
  -1.5000590374064422        1.5675006320093345     
  -1.3853223077958230        6.9174082189223585     
   4.2968427655148131        5.2941464181482525     
   2.0908519668753422        6.3928723435687393     
   3.8348653562963442        4.1627548360744084     
   4.8788146177866825       0.54536428501505441     
 -0.24649633553437944        15.921299515346099     
   5.9156735686729025        2.6664849639372363     
   8.9316357925913188        3.2847699351683870     
   2.8856056570554882        3.7584906176195423     
   8.4250878947208427        2.7899567764803788     
   4.4664132256523876        5.5501945215311332     
  0.83071082010077735        10.073598039601379     
  -2.5299198734481125        5.9122604957281508     
   2.4293014418190513        6.5755250396232716     
   8.6507061849507139       -1.6177392690846606     
   4.2351670818133202        3.4391843872638548     
  0.67532496520356933       -3.1721533495966399     
   15.799892396608373      -0.47388432866437480     
   6.5868196992966510       -2.1379274130332053     
   14.555691246617650      -0.19622883337769226     
  -1.3979016939464568       -3.3839475534208843     
   1.1462755564928582        12.499255639763390     
   5.5283219093180183       -1.8122987096753946     
   6.0475234731007639        4.6549398739166987     
   5.1688427083215043       0.23978167098862846     
   16.707965583760902       0.19527864162633923     
   2.5498420382652860      -0.65761264935278030     
   8.8907080894632617      -0.28113874591262267     
 -0.28273151515091977        12.128422894499998     
  -2.5320791670737828       -2.8604765471775622     
 -0.48536574946950717        7.5499200098055654     
  -1.2701448201236496       -3.5485167117944618     
   6.4796772791714599        5.6319900131003644     
   14.838264009603032       -7.2544274911231721E-002
   4.3758045484202688        1.2891880806153120     
   2.5903080047824263        11.502196067875943     
   1.0464253354426649        5.6505491493980253     
   11.313547471872868        1.6360750713572001     
  -2.3421009114497124        2.7139457550599282     
  -1.4154213040702828        7.3494536314010928     
   6.5146222948623898        3.0815320509575379     
   1.8784340648698148        7.9239830606958686     
   7.6652939186486186       -1.3578412669758930     
   8.5048076597748654       0.55399685452269587     
  0.24675219493988454        13.562074014735490     
   13.551116859940263       -1.2189140670650156     
   3.1437235628722968      -0.32407845512461098     
  -1.3794697713731261       0.51418599700985013     
 -0.68376914408472933       -1.4322906298618459     
   14.771585935992681       0.34083099770107417     
  0.62201015752927225        10.542784049950590     
  0.26324511598780376        9.6588279684441929     
  -1.0996497626894159        13.555026660545529     
   11.521635093579073       -1.4973488139817497     
   12.902617075757652       -7.5313278713329268E-004
   1.0574041624727997        4.2034806450395692     
 -0.58755196290384681        14.918038968152146     
 -0.40208117437256474       -2.1744393447159167     
   9.9663079716072858        2.4211818847028290     
   9.6266920727158514      -0.69446259190453130     
  0.58543048273800613        2.4178940593377529     
   8.8799545655094043        1.9450573945754241     
   4.4329409420143984       -2.6904222097848551     
   7.8188207166051775        1.5277014477775959     
   3.6485310866178242        5.8478161270226439     
   1.7582333111458368      -0.41436894124036128     
   4.0045698503416443       0.96730725930789863     
   4.0115025471163488        5.0295306449713939     
 -0.63698336381725262        11.587126328793271     
  -2.3324190813675409      -0.90850596786692073     
   1.9357889199166145E-002   14.794784705385347     
   3.6476000522633285       -1.9409169338013581     
   3.9741062068672779        2.0727799011633019     
   3.3136374310330829      -0.68922839153894078     
   6.0071170122701485        5.6120169793892059     
  -1.3495648409881833       0.36096166037089095     
  0.99969756375219010        4.9229544582044875     
   14.740194800644320       0.66479661589517658     
   9.5439442373319459        2.0258804574145017     
   1.9184875782697040        5.6708095884446470     
   4.3673445110080147        2.8507294091510671     
   1.9455191636586777       -2.4011408785446844     
   15.348692666105668       0.54020859333440718     
   10.536724552471419      -0.85056049824100066     
   3.0331094518607262       -2.7598719632755815     
  -1.7898552493835103        5.4865102385669333     
   3.4416918132880312        8.3408206699352796     
 -0.97534699340864606        13.818042853748587     
   6.6196208861542356        2.5188469716196824     
   12.353637271993151       -1.3777897464038724     
   11.524211439121222       -1.2095545729641661     
   2.6321168930126735       -3.0223229835037633     
  0.97801322788499512        6.8017338348401326     
  0.51337531805207171        3.1809484162653510     
   16.200440255049550        1.0380888406708459     
  0.23805403148865656        2.8072995262952016     
  -2.4939449505393618        1.3761195776241051     
   10.635897541652062       -1.4656952131261360     
   1.6290569261114705        11.464533697202906     
 -0.95695349918835459        5.2166588306750716     
   5.4372084951313724        2.4853354728317312     
   6.3031250768268023        4.8694852211981408     
   1.2020962171561953       -1.0215910105882546     
   3.9054730693747519        4.8539196481906624     
   5.7076793660400291        5.0776585760312445     
   9.6231036352189658E-002   8.0620657237409930     
 -0.96259281230355676       -1.1188639189559075     
  -1.5063127640064682        8.7679274681652259     
   1.5343937460206289        11.977541365297032     
  -2.5740519052923032       0.70576007923688699     
   2.1275446835324336       -3.5244932085663558     
   7.9707178801200804        3.8580120700831371     
   10.237033982320700       -1.0908250791752225     
   1.9473071078696709       -1.4634795057590790     
   9.3839356863864474       -1.1315030799679926     
   8.0589686408599164        5.7673717863417462E-002
   7.0584791436798344        1.5428971073239754     
   1.1366756189801164        9.4919918635625997     
  -1.5576461071334311        8.3647151833148641     
 -0.22587643008788927        4.8432290682709569     
   2.3617039557510786       -2.2048831366031667     
  -1.1963736958288833        4.1035697847056687     
   1.8773388840014054      -0.66629420615125579     
  0.65087885267292611       -1.3802382114881451     
   1.4069182810745220      -0.74915834173480800     
   14.231864542422047       0.93533030291329400     
   1.0340968404364421       -3.4830519401718840     
   6.2445069141797145        1.3771615066731862     
   10.602647428994553        2.5904718840645167     
   8.8695015153555161        3.2612760238136884     
   9.3201158143129863        2.0851767930259424     
   7.3095818698833668        2.1651218354415027     
  0.83337067952608557       -3.3101333610890569     
   3.4231158648884374        4.3535787674650921     
   4.7900314897887384        1.1571499033151662     
   15.961301649345673      -0.35376623776870453     
   5.4920354319831812       -2.8800489217689900     
   4.4204050816490010        5.8821726621556119     
   2.7024007059288371        3.1984478092658355     
   1.3041627120780479       -2.3135557493792889     
   9.0044512185887360        2.0198070963421353     
   7.7398215302715254       -9.9574670984523994E-002
