  -1.5727941963947432        7.8572204061413213     
   5.1020782171290433       0.41152299473133036     
   8.9669111627324334        1.1848801650524536     
   7.8307048816522693        1.2667242277640134     
 -0.65653963984537755        8.9981385888833003     
   7.0006846123398381        4.0964111622396260     
  -1.1745895876964929      -0.65517381564100852     
   3.8669431173585043        3.8120957916804117     
  -1.4598460400896671        3.5764585866919876     
   10.877960721222898        1.4300347413370251     
   3.0189675511550655        5.5608374707396298     
   10.037658014253235        2.8588708638661964     
  0.39871164339074738       0.92208351578853032     
   12.786946316409438       0.48243080427545992     
   2.8862783324564045        5.7056023363910633     
   2.5852169876177262        3.8246451456145709     
   15.674218844747546       0.60603530908928116     
 -0.34362220783372655        11.712198250495673     
   7.2170112263991726E-004   1.9240831778175447     
   7.8853637195064694        2.7187409201355144     
   6.0273747570083662       0.71142339761183981     
 -0.12140139307650522        7.6798784230225774     
   1.5011359833471296       0.50539836318021214     
   4.6394307660116461       -1.5662415582037794     
   1.8315478772451446        3.6687495356699906     
 -0.20890817575899900        5.0136982838517703     
   10.712442325816802        1.9894147488303067     
   11.564295586884487       -1.3147416692428080     
   2.8020022970647398        4.2452986453031585     
   1.5584841841781767      -0.80033558317555764     
  0.26451963060276773        1.5192840416612454     
   3.9852845234028020        6.2650617543451652     
  -2.0493278688946890      -0.33000358107190575     
   5.2475154449819312       -1.9864241957882935     
   6.7101137798009090        1.9456374609905231     
   1.3649654289683149        12.536461346946176     
   9.0442589356337173        3.0018719184908229     
   1.2893089684656784        7.0804842745209111     
   4.9350396925071438        1.4627633508052065     
  -1.4718508706209894       -3.4149881916772102     
   1.9814314977292344        4.5801000329891544     
   2.8983676833217364        8.4825108180315656     
   4.3565307741470916      -0.73344918879701826     
   12.880611653039193        1.1890552935218781     
  -1.4935957582326402        2.5176008554668230     
   3.3045936314483848        4.3209609661633355     
  -3.0794642115798441      -0.24219237635622237     
   8.3444569459755833        1.4865599245444705     
   3.8480554991003384       0.29041531683395228     
   14.665913793199039      -0.42954061568243329     
   3.3550135772131950        8.7841677056823464     
   4.7382207324830512      -0.76944605383157461     
  -2.9805536820209251        3.3669104818795081     
   13.300345805293198      -0.60041290142717108     
 -0.24875945416186385       -2.2379534743546152     
  -1.0703152000554157        6.1789676052680989     
   6.2402763165752733        3.9626798224437132     
  0.53644915407905769        3.3753060715878855     
   13.487895247050304      -0.77139304127876862     
   2.6119216023245801        2.1645679117984460     
   6.0007889511516579        5.5148989999287377     
   16.723111072204354      -0.36460879471367091     
   2.7479860728943626        3.9669736502496993     
   8.8131700417357060        3.7902500327890416     
  -2.1621969039142424        1.6533246188305655     
  -2.5299795353740291        1.5203382758929425     
   2.3122389343797938       -1.6442815786670386     
   5.1827462469513579        9.4199922903594580E-002
   4.4743036331217798       0.83186752216548898     
   6.5580278518890980       0.80913850817705102     
   4.0678923827793403        7.1928647120687188     
 -0.84559205299347973        12.681833686004744     
   11.631812002174001        1.5211396721045829     
   1.5578362932764502       -3.0999519928526080     
  -1.0648463973273294        8.3738899551116273     
  -2.6487261267353714        2.6344770813828666     
   2.0851249062390709        6.4668138935131854     
   13.920227798011052      -0.35589307871654663     
 -0.16734016318976597        8.4453044094668304     
   5.1397524532372403        6.0129334464584989     
   13.428672060245816       0.19059379318984160     
 -0.88580046550023317        2.8275707936033778     
   3.3265947762546890        8.4706439072147095     
   6.0990262218263860      -0.45368508429428278     
   12.042911168318835        2.3015315575368747     
   12.949476020538256      -0.26944048161327627     
   13.937919341759610       0.99639452712646870     
   4.4707061181038128        5.1216150590151770     
   14.551789884129484        1.3485778036136575     
   9.2598191349118544        1.8630316392663109     
   4.3992500691313232        7.8944707664209570     
  -1.4250121991274955E-002   1.9354869574941236     
   4.4578496578226119        7.8560459399393032     
   15.019077141159322        1.1233451992358163     
  -2.1380979958130428       -2.2218839188957022     
   1.5774316368075141        10.031471676128128     
 -0.36609842159829586       -2.5512096764815753     
   3.4418322231651919        3.6451026860741114     
   13.084909590841477       0.97705342676398166     
  -2.6183567580420979       -2.7970446801575668     
 -0.70556440247710395        11.410849911865048     
   4.4733298324841035        5.2159991604746363     
  -2.0372050268002155        1.8940560155059072     
   1.0935891990733309        7.5919678770365717     
  -1.0582134013150570        4.6031372791477061     
  0.97003768173541172        4.1260978994259929     
   2.4207472816534619       0.97208519164068852     
   3.7033027123220039        6.8659508674558349     
   2.0143679672147288        7.0950169053424545     
   3.6820834195783743        2.1762790390401592     
   1.9654152554109761        1.3471707398088903     
   4.7426879171469816        3.6902855470190201     
  -1.7406567390362528        5.1394379852249887     
  -1.8576019485506750        4.6712935606005122     
   5.4243060586806129        1.9751026146613451     
   6.5673222412705270        2.7908364645777337     
   2.2147049273392412       -1.5209152091447078     
  -2.8397396083844555      -0.86255442196523502     
   1.1855659410121051        13.471349662687619     
  -1.0654219976470971       -2.2404571558167428     
 -0.45256111075596861        4.5227373004157236     
   1.6885920007009592        6.7992604568058521     
   3.0638348090181511        5.7965334026088779     
  0.83923107695802557       0.43175946025713374     
   7.8282710059877010       -2.1167047299886059     
  -1.7978019866675514       0.11336630206790899     
  -2.2463117589460997        5.0226074219441479     
   9.6202317064120813       0.94003302378688813     
  -2.4991645616093132       -1.4159098348903263     
   2.4081610873624379       -2.3012827637411446     
  0.52751207113628729       -1.8033875898118370     
   4.1940286591299909        4.2660416116746411     
   7.3887225817481861       -1.2062328855124136     
  -2.6092602282905535        6.1385516647554006     
   1.3726500339803938E-002   11.962415357083788     
   4.3531453226628942        5.6661213048762722     
  -2.4710782888882621        2.6702998758981908     
  -2.3551153058930261        7.5168459636303631     
   5.4699873731421880        1.4800386107129389     
   17.613454251596597       0.37384028264057045     
  -1.0481424024386019        12.803712131616461     
   5.2904674570367449        3.8469771689533476     
   5.6750776618243437        5.9136483610269028     
   12.251363696403704      -0.11811287133211401     
 -0.55689843735118139        7.1784771423718077     
   3.5572445869043889        9.6038474034652630     
   5.8977913123139460        5.3275420698921252     
 -0.27683831909804768        5.0610785918650372     
  -2.8737791306530407       0.79053206887294225     
 -0.56287992153547961       -3.2007351944555942     
  0.73742010045806605       -2.5356293558999150     
   5.3771188635440135        4.5222959347204927     
  -1.8763631341300491        9.1483445688122629     
   2.7962310936886521       -1.9694094375881883     
   7.6082078846870234       -2.4137545871832797     
  -1.4724205115445275       -1.0988691320470449     
   14.382272717604845       0.80963119244410153     
   6.3890925163473673        1.3840180492574059     
  -1.4137969706188880        3.8541622573421912     
 -0.12198728839694439        5.0434286719336008     
   11.244723736281745        1.2581754128961866     
   13.817637843600366        1.7000989779206619     
   2.1432751206528131       -2.6387182642501417     
   1.7428697510262934        3.0636139592049436     
   8.6879263391851218       -1.2668368353071044     
   4.3351119644196228       0.65038023877450657     
   11.811516827240936       -1.0962785891194136     
   5.0405954135578890       -2.1872214707801003     
   14.617139186563907      -0.50323932474491784     
   10.777928291075387        1.1420482695361405     
   10.911329804750427        2.0566650010274219     
   9.1005970378022063        3.5844969925900378     
   5.1331855263823263        6.7985585435017288     
 -0.38245515127271146        1.3697283868181711     
   4.6498608820667631      -0.41475668827104828     
   1.8333967225824388       -1.1570445581996696     
  0.42567497800099430        9.4471210822940481     
  -3.0780447067950334       -1.7339830161842182     
   4.9271461491446908        4.7428963349202355     
   2.1148955750105412        4.4162150870228256     
   4.3663066404987640       0.22009883088566662     
 -0.81196667296033054        3.6781214334121040     
   12.091917401126874        2.1307790487828044     
  -1.7236283693297769        9.9826869942759249     
 -0.45988804065576705       -1.9356051065168496     
   3.3378564780724034        8.8559053526632869     
  -9.2887744339394729E-002  -1.2070686590902326     
 -0.26824243999155639        4.5760578932491054     
 -0.35719216478807647        6.2443641380641512     
   2.7061862745825049        10.354122442466858     
   6.3246884236549841        2.2345565758675523E-002
  -1.1131434019594733        2.1807538894213994     
   8.7711108967858777       -1.5798849266237447     
   5.6783740510711924        3.4145257893217642     
   5.8282863992030487        3.1984426892719555     
   7.1880703785276721        3.6195081135084153     
  -1.5354628330654621       -1.4962725548227027     
   2.0972197807233854        3.6534378324878225     
   1.5352968777668297        1.1034211348745893     
   8.8687375856808792      -0.38383464457689609     
   3.0581237782166992        2.1895903381129878     
   1.9154845144722517        2.6565601344846477     
   7.8513934507910657        2.0723628819404625     
  -1.1799194940360551        11.940466107970407     
   1.1822467476951468        12.822602627315334     
   1.4502738031838804       -2.8231897012817027     
   17.149658631634679      -0.17219956772738687     
   1.5335776085578381        6.0986199459049431     
 -0.32044942498323614      -0.77997562007692833     
   6.3752320229381256       -2.7086857444468553     
   7.7435932002275800        4.4384810511007178     
  0.78659402078184382       0.80741523074390242     
   2.0806897824899213        10.589711891598215     
  -1.7863208139975959        1.7283169611185083     
  -7.2938917300797712E-003  -1.0839320305601010     
  -1.8873002315906506       -2.5007610716309498     
  -1.3637743385700229E-002  -7.6778844947304137E-002
   6.7697727373955763        3.6665211071428012     
   8.1608778202774417       0.42652552756083351     
   2.9421702375117045       -1.7202348992279388     
  0.55692182453704442        13.057165376609678     
  0.44108149300249755        8.8552609914526030     
   1.0615038797931744        3.1388940722927745     
   5.7214689084161927        5.6755090417252703     
   7.9109764080767624      -0.15552030661884597     
   4.2131394646397329        5.8290840641952180     
  0.79748490263927785       -3.2351885068643993     
   7.7924396439839816       -1.6649596671307934     
   6.8216849039754583       -1.6236104392977664     
   3.1794159129066708      -0.54083490060082884     
  -1.1566078502386103       0.67963870814548022     
   5.0972690467635600        6.7362445526521171     
   9.1576654405030169        2.7452813009050847     
   7.8501791029042449        4.1664262560791929     
   2.1587326621364946        7.0060435214258483     
   6.0617513734449409        3.8011130397166331     
  -1.8067175648184064        6.3636705984275554     
 -0.89974029355514418        3.6299519937163942     
   9.5289879592260078        1.1172831373128953     
   16.700328720834406      -0.73704173502002934     
   3.9013389358196298        6.1141195444450940     
 -0.94453537265315735        12.883666962589913     
  -2.4740527800542251        4.6585261566986347     
   6.1299031525935517        2.2123732558732834     
   10.482804708109363        2.5561059183768973     
  -2.0071843721221674        1.6069242914698996     
   1.3736107256128935       -3.3268192911981798     
 -0.49255547126772203        6.3674938012153532     
   8.3122488905256695       -2.1870746156268663     
   5.7661826335333179        2.2288260588261974     
   7.3613856686646377        3.2708626724977790     
   5.9778492496533646        3.6469341180182195     
   10.878109781355693       -1.3339846843745775     
   3.6527759274866360        5.7965943989009237     
  0.62430572561396636        13.071898861323483     
   5.6918383965067934        2.1878054858095735     
   7.0306721689510541        1.9474762875948453     
   6.2495198033448949       -1.9197353712869878     
   1.8497759354955807       -3.3803983081357756     
   5.0369923478870762        3.7382136161843627     
   11.600099974113313        3.5133171303691757E-002
  -2.7806348769246014      -0.66787114837129913     
   9.4749221068195908       -9.9285597473510734E-002
  0.58118913452468490        5.2834941263019921     
  -1.3224655130747212       -3.2334051777696540     
  -2.6120077863000155        4.8260775548278048     
   2.4857855517344882        1.8688925135215260     
   2.9210875394526177        1.5675334617952319     
   3.3992863892802498        6.3369850203296085     
   5.4744480484278570        4.1792510841023081     
  0.13939736007350412        12.501268972576703     
  -2.2554322089090539        5.1577594586744873     
  -2.3951401926354077        1.6462761337145921     
   2.7589780181936110       -2.6963264782480847     
   8.6736390739996452      -0.56720833863942888     
  -1.2924038883026006        9.1345936468958993     
   3.6832630387028891        3.0029684091939521     
  -2.5236840149737585      -0.39112321856763144     
   7.5050917175213820        4.6733254121550161     
   1.9176498805616591      -0.80633182384098356     
   9.4100201278749012        2.7601687993978046     
   2.5012208281513715        8.8464065526885793E-002
  0.39402551730634316        4.6555551979151648     
   6.8776162670405219       -2.6336308930771386     
   9.7769025306389388      -0.39222823813738428     
   1.0088311664046703        3.9924904323554853     
   10.535164992348406      -0.81619886587657176     
   15.142218733466525        1.1360559637858754     
 -0.43421223440444612        4.4279354157290971     
   7.4775484144382913        1.1887178992370315     
   1.2911792997261369       -2.7484359662200557     
  -2.6350137926904358      -0.89120876076477584     
   10.081558277835722       -1.4928342282270641     
  -2.8175004597196982        1.2793216506069132     
  0.55514001884052266        9.5259868162990884     
   6.4380183157254374       -1.4783152936720292     
 -0.99109656836164195        4.0971017782138635     
   7.0534016305720728       -2.0037770693494661     
   1.5311702039886104       -3.0326603827810992     
   1.2153153120648135        13.339605064096347     
   12.116817458650463      -0.20631267190532920     
   1.6512189153380898      -0.41081484359937637     
   6.8908638842662198        3.8989008966733878     
  0.58406998605837357        6.3954073182932003     
   4.2242326989190220        2.2159723671143836     
   15.854150179464000       0.44768561719095024     
  0.87972394647396879        12.634564990352118     
   2.7425983102546629        8.5350962224706564     
   7.4961650281868453        3.3592718038875407     
   11.167125541158761      -0.53165606125735421     
  -2.7923813049149118        2.2614013441419654     
   14.191543612966854       -1.0581401584311747     
   9.4507266904121252       0.63046198611796767     
   6.2183884740783784       -1.7933676461586523     
   8.4547889236950446E-002   1.4778531885781203     
   2.8707725405644986      -0.35305174016314478     
  -1.0004940903738797        10.582661433946472     
  -3.1585306571049800        1.9020762326923264     
  -7.6953233556222855E-003   4.3351810182005490     
 -0.33390353657979244        9.0207928004893621     
   1.7165419215452307        4.7152484900930443     
 -0.55475365288968126        1.2586209627010647     
   3.5166387071332954       0.62499288086732863     
   11.336870494018395        2.3783386262771926     
  -1.2328314186419451        12.546911026796973     
  -1.8877703196374382        9.6634462133153356     
   1.0081948930358093        13.692598708270783     
  -1.6987618741175776        3.5400955922678210     
  -2.1914418086512151       -2.3764442802333674     
   10.585445485554427        2.2334939253416350     
  0.55553861932268989        6.4096902634635384     
   8.3568821786640299       0.63854316482012097     
   6.5174019936835181        1.0607703422770567     
   1.8686884730118170        10.684327276268423     
   11.427411846423290        2.1526334104172808     
   2.4536921877782971        8.2679330696026998     
   2.6453121177941270       -2.7964861526610472     
   5.1076777500542265      -0.61844090085155079     
   4.9782294006848025        4.7908005506946054     
  -3.5172919275431980E-002   3.8211200182772633     
   6.0056702059192171       -1.8269005837506085     
  -1.3879910710644778        10.426878587857194     
   5.3424211025774140        1.2846440056802231     
   3.0817696730761668        7.6198312470677045     
 -0.19728038135998727      -0.26088466179565373     
  -1.0332803267991122        1.6667968293224367     
   6.7090814108209225        2.2037621513993106     
  0.90555567473873566        9.5706593299545055     
   9.8634352030475583        1.2684372341527577     
   1.2616856867896447       0.98008644887470853     
  -9.7101805376807793E-002   2.0801796532470642     
 -0.58610400328127632        9.3415901307883100     
   3.2634804357615224        10.292219795144897     
   2.2813928457609522        4.3194872037146457     
   1.3410734206439487        8.6878877322443326     
   3.8554981813766602       0.51774458034476512     
   3.4557022301640163        4.9802798265173482     
  -2.5395626659633308      -0.33461878695618363     
   2.0393166483599465        13.428727500428678     
   7.0790983513428545        4.6840521306372764     
   2.4505253303257248        4.8040415176574616     
 -0.45758729987332325        7.8688825595798875     
 -0.35432082263329034        8.4651877081946445     
  0.23547250279280441        1.0240632375535763     
  0.90906136919808844       -2.2131666561537018     
   5.5004548982048984E-002   2.0836256506082456     
   2.5829947561202626        6.5259376444667723     
   7.9784504911853782        3.0118821508593911     
   10.800142249223260       0.28059160271264449     
   8.0225068317209427        4.2992402008018296     
   2.4881382008720188        4.8600167985451446     
   8.1899901798751777       0.26196299996040606     
 -0.28247957223741960        12.374592591962973     
 -0.34450236542072821        9.3795923927086502     
   1.3296427628939380       0.73447115440808153     
   11.432900704088503        1.9395748347673849     
   5.3484847103177868       -1.0145073491069709     
   4.8271768476931234       -3.0299726308244868     
   2.0921220185388583        1.8807319492649461     
   8.7017795020920765        3.4497625987343929     
   5.0234095872014359        2.7873839950292427     
   1.4744739381098144        3.5628999247740096     
   4.8157908406161711        7.1033740956928604     
   9.9183965486993877        3.0961505511870908     
  -1.4013796991392378        7.1511184890258033     
   1.4108446104403205      -0.70114170206644433     
   6.8274400163512530        4.8571130554904727     
 -0.18159573065761458        3.9483433140405322     
   3.9231088799873088       -1.2246208687893096     
  -3.1830525312985141       -5.9158370465792309E-002
  0.83468407722584015        6.8660149589616388     
   2.1719745960884023        5.1274382932622764     
   3.8108462801849958        2.6740530500830180     
  0.90032137899768472        12.930590136105483     
 -0.96595335100247892        1.1022840378129843     
   6.8646898630652808       -1.1354072104502477     
  0.80429760731101752        2.6595957158591834     
   1.1940375116421986E-002   7.0749688246508740     
   7.2924830498468056        3.6338612122947302     
  -2.5403259269282104      -0.83214320439604617     
