  -1.3076416856583588        5.8475192980955857     
   2.4993387777901961       -8.8529824775314837E-003
   5.2261147055461237       0.15576867757353025     
   4.2833993372736465       0.27041334754946145     
 -0.72585858953108673        6.9747331673725537     
   4.2529761748470678        3.0939568656171326     
  -1.2896421348653087      -0.56927958496940179     
   1.5159501223825069        2.1678693845360422     
  -1.1924700857920563        2.1096175214314377     
   6.5190077918234701        1.1686806204420976     
   1.5580232571160166        3.6637986561101252     
   5.4774740031505313        2.6156144046206835     
 -0.57664279144563269      -0.10730048536979089     
   7.4576006262205192       0.20576010329349961     
   1.0482683995247586        4.3918810477120918     
  0.70211888194209171        1.7359011754417533     
   11.519871509372047       -1.0994676070638953     
 -0.16347521433367224        10.187636481699013     
  -9.7363038358234233E-002   1.3413141374376762     
   4.8686755845215668        1.0462100396845453     
   2.9406719976038644       0.15851689856130829     
 -0.11032301964963701        5.9626022836488524     
  0.93372775881256931       0.20223478077043630     
   1.9212472031154295       -1.0384326901534533     
  0.75200008682541908        2.6469005015587030     
 -0.29119695941536100        4.0224590972148455     
   6.6604042320249235        1.8624550748185364     
   5.9373449664130344       -2.0358679445990768     
   1.1483681619371982        2.8957580434556007     
  0.43045872662202911      -0.82465036079841281     
  0.22512933022027615       0.68108416497042823     
   2.4358175764358045        4.8955348535482406     
  -1.3147787902926975      -0.12913645710567756     
   2.0823534840539355       -1.8743976000890630     
   3.8671826837539016       0.56193857100712019     
   2.3781804918126723        9.9264517832078507     
   4.9178101775436085        2.2397071688144177     
  0.49826927745792537        5.9422372934599998     
   2.1740251023053778       0.72143808599499160     
  -1.0525535387422982       -3.1596346711550902     
  0.68272879336762449        3.5841468307781486     
   1.9438277602679230        6.8732853463230459     
   2.0027251392379202      -0.59897283068956064     
   8.0198502577997548        1.6151701511916405     
  -1.2397655025234620        1.6540188260529893     
   1.5451073979958907        2.6545563731529445     
  -2.7803202062762966       -1.0149202353748756     
   5.3315336561325983       0.71706775314291893     
   1.6451861773070173      -0.31091117093837473     
   10.650401262798079      -0.16254720044480128     
   2.4233952901470701        7.4988152139968527     
   2.3571017161654302      -0.91037660533479881     
  -2.8112887946627763        1.8315630317063187     
   8.4690895022015926      -0.43543820951310763     
 -0.36237522249030396       -1.2225340921808814     
  -1.6919220814932663        3.9145926398484403     
   2.8743612431168248        2.8362589952444925     
  -3.4409220117957391E-002   2.2126918642388129     
   7.8176342705165061       -1.8262481775992800     
   1.0681622423081727        1.4957425179910788     
   3.5737001483265320        4.9161847004039911     
   13.002377665054089       0.93164593004566021     
   1.1064925810223603        1.9467616310781248     
   4.7320842387702351        3.5712758694039457     
  -1.3052466506410734       0.75821263337683464     
  -1.7208795468334233       0.53812612887769706     
   1.1027815931159237       -1.3464967661074887     
   2.8779219418477298      -0.30522391574167612     
   1.7535216573026486       0.54998361718500621     
   3.7253793164376203      -0.43652906902977190     
   2.3595278928844725        5.5525886271488689     
 -0.20192042854259173        11.066488411773145     
   7.7283873241618322       0.86932138321839336     
  0.48288825944796354       -3.2434018585797637     
  -1.0451600393222353        6.4222945485191003     
  -2.8096300707980464        1.0758535666870797     
  0.94310784952222071        4.9178593663183987     
   9.2789327004510778      -0.63509742704273486     
 -0.40584436445512984        6.4540146191906897     
   2.9808282260203947        4.5951533237798099     
   8.9270285511200296       0.22661302157718174     
 -0.82764898909566509        1.8326670243566747     
   2.2083809160932835        6.2191925101313892     
   3.1740713621933039       -1.1017167361990730     
   7.4420431800616988        2.1997923104953379     
   8.1596405720093497       0.25904017141553393     
   9.4329602410949676       0.97124091569202065     
   2.0032982831893258        3.4147653959212496     
   10.234898968942998        2.1371772303282204     
   5.9019493179862224       0.94003284914239649     
   3.5429509080400385        7.7614456279104909     
 -0.49668012758539759        1.1526792422568397     
   2.7559243142186904        6.7693252285167453     
   10.403533244429068       0.79447660641307849     
  -1.9234514064810893       -1.7272503276795348     
  0.50033057946731374        8.1964727545029703     
 -0.76074104878611437       -1.5856153323229627     
   1.4767043163593641        1.6994118665332343     
   8.5333267805554929       0.95675647256570018     
  -1.7438638766080998       -2.8593618628702377     
 -0.39535880094775011        9.4194972095011398     
   2.9750427235610339        3.9788949730818759     
  -1.6693233065762858        1.4752280895302907     
  0.21855829298995702        6.4550462017631194     
  -1.4577451726058182        2.9504784924911793     
  0.25239625054018233        3.3184437565254834     
  0.98133191659683483       0.62644144365043564     
   1.8832328530082247        5.1371169294589905     
  0.84454685666322360        6.4209376634667965     
   1.8004216550424592       0.98979693188093287     
  0.62308039955835559       0.86750906820857010     
   1.9356635503488773        2.3992307033480120     
  -1.2432149131103782        3.5883036171598026     
  -1.9815244619180730        2.8510742239780598     
   2.6036795375441475       0.90008686643444125     
   3.4978883757595045        1.3269339470331938     
  0.77635320017346610       -1.0674427257281816     
  -2.6400355433845388       -1.7207956419978696     
   9.3841951561844921E-003   19.221524393307991     
  -1.1118806018120848       -1.9054253578986591     
 -0.76215974619999871        3.8015549438135974     
  0.76540973863843209        5.4446115037824292     
   1.5269437068386980        4.1932182377387184     
  0.13891008252338607      -0.16183238979672857     
   3.6289249468233016       -2.7447065517730262     
  -1.7179192892669333        7.3509962123739683E-002
  -1.7819880573421838        3.3723794954030870     
   6.3717464009510358       0.52275325516728599     
  -1.6166068207327577       -1.3098182656545179     
   1.1327662774140788       -1.7952504508642191     
   2.2669376984207432E-002  -1.4524703210730812     
   1.9801919563832300        2.8954843398672772     
   4.1057681967398620       -1.2969099466225602     
  -2.4154972734027331        4.1332846627122164     
  0.37274700589275139        9.5450716190915834     
   2.4696104849036198        3.6897573450955123     
  -2.0872916396791776        1.7875319203678399     
  -2.2584330965108861        4.9048626679636484     
   2.5546540499144008       0.44292100580951443     
   17.192722527485611        2.0018002664849771E-003
  -1.0748130083447445        11.821266964365764     
   2.7996944146372771        2.3233905974651523     
   3.6474180532041500        5.6858329383856940     
   7.8514285467208218      -0.87121904651779269     
 -0.61309061140361931        4.9243786840720016     
   2.9792567243066732        8.8485490691296729     
   4.3505765712168918        5.0621614224396554     
  -1.1845943668652625        4.1157367233295474     
  -2.1598024397955302       0.28460595782029968     
 -0.64524694326730825       -2.0448787253527092     
 -0.33791155844857840       -1.6884891645410107     
   2.3925986298197457        2.6202783819868865     
  -2.0446289734230403        5.6529121167020540     
   1.5865801987726122       -1.9007028695862376     
   2.8501429194939831       -2.9352768344002280     
  -1.2271580707133687       -1.0005240966933975     
   9.7516175300215604        9.0436851295554663E-002
   3.3951946510268538       0.34761312945511691     
  -1.5157154103860933        2.4605363907441342     
 -0.26293813834094287        4.5313665936548002     
   7.0081945290469561       0.71354448061188513     
   8.9401270735210296        1.8175912658840694     
  0.71648515265212753       -1.5672496093001445     
  0.73351779662430772        2.1850295213840112     
   4.6545505502909146       -1.1504518200287264     
   1.7024252332902865       0.11742109877983979     
   6.8565823374825241       -2.0326451239688073     
   1.8029286767792883       -1.4868393203743884     
   10.223338245622523       -1.4115313560795926     
   6.8136494043298086        5.5088090459764233E-002
   6.7671906491450882        2.6558926003666339     
   5.2993371407088681        4.1500571150885159     
   3.6843002331809234        6.6253640233889515     
 -0.52879495443337365       0.72964106653275917     
   2.4357536122547523      -0.45867094366043348     
  0.39933149244343863       -1.2582160388393124     
  0.22943801358926647        7.5603927640321205     
  -2.2908574747566930       -2.3636447917853123     
   2.4398704708808103        3.1378392232238288     
  0.36373458609769582        2.8761983908431286     
   2.0677282012550329      -0.16155615193886061     
 -0.42806038430911864        2.0185830991993572     
   8.4252532030199987        2.8892273298915354     
  -1.7678802086161729        7.8247345736862668     
 -0.80325528117803136       -1.1440098348692163     
   1.5990489560954260        7.5097249304712275     
   3.6616892337579324E-002  -1.0155123748862069     
 -0.58859967340038577        3.3437045443146647     
 -0.71098485293656910        4.3088289091493017     
   2.0047696443309753        8.1891331178068150     
   3.2589488149802253      -0.61318782556831342     
 -0.86565723343506973        1.3934143104135130     
   4.5820257300455083       -1.7472274690345955     
   2.6943999143858264        1.8450753294747699     
   3.0442010393399284        1.0971155374716963     
   3.9068412740923724        2.1475972948724324     
  -1.1788579721598913       -1.4426570976932318     
   1.1360427751293967        2.4126816510567992     
  0.57976442880249757       0.44323430450061208     
   5.2023944425401121      -0.94348628898305342     
   1.4330463741750961        1.2474585931842108     
  0.26404293201973134        1.1047980799351427     
   4.7945374738807711       0.49078286462129522     
  -1.3126346879197328        9.6608847071065096     
  0.68836119521132422        11.315076076306472     
  0.34778243406102044       -2.3034653806789884     
   14.256151205237991       -2.8409453220572450E-002
  0.56332766919071486        4.5513800447359731     
 -0.74262118432988122      -0.71502834362308387     
   2.0583594611162299       -3.0852461712027637     
   4.0663438742682736        3.6965565807076186     
 -0.20046898755115011        7.8184734084482010E-002
   1.2129862718659572        8.2135989415666018     
  -1.2773469676584106        1.2037829358466254     
 -0.31591890176404142      -0.77445935103099395     
  -1.1267676653106005       -2.4225012762872251     
 -0.24598794749468628      -0.35033336164153250     
   3.4102735630288934        1.9625737279085382     
   4.2069966547614301      -0.24945411379930549     
   1.1657772866829323      -0.89294113723674529     
 -0.74723315071315222        14.550532351759106     
  -8.0730993325947423E-002   6.9835404741027034     
  0.33425791326031279        1.9721864294103377     
   3.6937439501250360        4.2392720121393852     
   4.1254748257775207      -0.76564804798591135     
   2.4674871069458320        4.2689803254650567     
 -0.60802608473914499       -2.5621075401694533     
   3.9983808796734541       -1.8578331634534142     
   3.4472084980587594       -1.9945333288456768     
   1.5791375128611846      -0.73791274354116221     
 -0.94123312137559623       0.10218284043870737     
   2.9752505017847235        5.2784287149168012     
   5.4128527143040310        1.3060644024042742     
   4.3666884129904515        2.4924319922906162     
   1.1262756999478585        5.8812877319476362     
   3.2960517060870997        2.4884412756333387     
  -1.6232213359483409        4.4864388429055868     
 -0.79116371255728624        2.2825795493306349     
   5.7831417886323093       0.34098229464454538     
   12.829995812931584      -0.63808703635306241     
   1.9651150979361953        4.5313424117992191     
 -0.74930003469984108        12.999692804321349     
  -2.0115752347277032        2.3070869751858516     
   3.4519459137229633       0.83240254982543971     
   6.4716049464001797        4.4568526575835641     
  -1.3205980693578800       0.31491981998091995     
  -8.1425460063184379E-002  -2.5702190071538324     
  -1.0907626898416660        4.6796717170124031     
   4.3991566520930148       -2.5304452621710434     
   2.9959821320303854       0.62467451433193799     
   3.9309018436223888        1.6097084012053493     
   3.0858755154816824        1.5796242317254832     
   5.1822154150327435       -2.3360891397364334     
   1.9999032511777974        3.9567404276346880     
  0.86486107747778773        14.838226462917390     
   2.6477034260068262        1.3660532530613674     
   4.3611043670400607       0.79510804873766416     
   2.5673815914602547       -1.7412038753039671     
  0.80735435059607208       -2.5665849366772373     
   2.3191939966067352        2.1292828806963859     
   7.2673105750030578      -0.44307896620954362     
  -2.1494412598402781      -0.70937127057839522     
   6.2139063136141273       -9.9341752011548906E-002
  0.15526391327291061        4.2647626647394894     
 -0.29326554266143617       -3.2728943401129968     
  -2.6988894227532128        2.6028995695816666     
   1.0258726182855726        1.0566206083980019     
   1.3880998384436380       0.80837817617341312     
   1.4567289403353387        4.7485549952768658     
   3.4504144382010935        3.6335621505477897     
   9.4170727941052634E-002   12.112235581131360     
  -2.5430323932312979        3.3654622673218082     
  -1.7040009742887816        1.0041926502820240     
   1.8131219126006213       -2.3642967260427596     
   5.1141304117147666      -0.39175808253616862     
  -1.4118343730343155        7.0139604583097270     
   1.8918252014736916        1.9104215748943216     
  -1.7036733157264370      -0.38697134784703868     
   5.5248690457731309        5.2822152001353722     
  0.82379328005307006      -0.63903770019069428     
   5.4628993739600569        1.9335787605719366     
  0.88122265447016856      -0.21855630138106352     
 -0.16980268505605856        3.5538428698405959     
   2.3720342153804115       -2.3261788836968522     
   5.9946711557600336      -0.70958162067095853     
  -1.7879549689733640E-002   2.6629267276642801     
   5.7315072839633006       -1.2774481013330310     
   11.591695068578892        1.5761312303373742     
  -1.0138191118572277        3.1418094711565221     
   3.7997756680202497        6.0577146531170835E-002
  -7.4373551538766028E-002  -2.0588289024247213     
  -2.1174010067040285       -1.2259473806178793     
   5.1613618220688267       -1.5440199842810800     
  -2.8325101684330023       0.37417365994220142     
   9.2716077389364784E-002   8.8124240297026581     
   3.5754575951151475       -1.4508796961720227     
  -1.0595653039672424        2.6584654561140151     
   2.9136334974139775       -2.1591272882346746     
  0.74277628460838063       -2.0383063620144308     
  0.44110498063680664        13.269240117357215     
   7.1102464169969082       -1.1321095999595472     
  0.48005321890125419      -0.39910047590345965     
   3.8122103722161267        2.6931456727473861     
  0.42383871648507193        5.0347733026395085     
   2.2196999024694350        1.1737695024396433     
   11.697214506911445       0.17254698510354793     
   1.2031557940667921        9.6769100674430266     
   1.2113454325234916        6.9360796367857844     
   4.4013859438466794        1.3416809957841136     
   6.3985195599823266       -1.2384685663264601     
  -2.1417671308655168        1.2816382853366433     
   8.7013106324819596       -1.3648462279204132     
   5.6444486137798799      -0.23070694581833376     
   3.0611639708574412       -1.6009369964250937     
 -0.13315306338978691       0.91699909552913828     
   1.2305149880225761      -0.46934706325580189     
 -0.63343161306563078        8.7074779283558446     
  -2.1673961009126343       0.77965809078335901     
 -0.18738728362779397        3.0843821503244548     
 -0.41862459686288866        7.5261984610652819     
  0.24007967853719250        3.7895056650728969     
 -0.55609421009371007       0.31035380063977458     
   1.2887518350899372       -4.7031668656178055E-002
   6.2226580344008058        3.2608561867990833     
  -1.0801956305930316        10.623274433795666     
  -1.8390160426969382        6.3978158963953380     
 -0.21294092887266031        16.144911125984262     
  -1.6211353417748133        1.9566452726580823     
  -1.5851724461481345       -2.1377946762067945     
   6.0715472858685988        2.2679857862402422     
  -9.2163935899876648E-002   5.0121418542838034     
   4.6989284770023234       -4.6993756646124062E-002
   3.3310108200860049      -0.13225207539385433     
  0.83294638079976158        8.8876334693197840     
   7.4465256872214045        3.6596804780668681     
   1.5156865286514085        6.3513268968395327     
   1.2682940553952144       -2.2996097624920915     
   2.8035079993047591      -0.77095288582621724     
   2.9258556726764544        3.3846068336353108     
 -0.40225613287671647        2.4676676693699142     
   2.2486414428897090       -1.3707024832561343     
  -1.5499618363809382        8.7331634941340628     
   2.1239252621004177       0.27748577479088998     
   1.7410348781178639        5.7495578986654721     
 -0.92931596362920010      -0.33169118808036246     
 -0.89878375344067618       0.96002595124253609     
   3.9279090446437390        1.0727471750289594     
  0.89345216986276688        7.5578100633052836     
   6.0006237021562807        1.5765788265795286     
  0.18518061153235699       0.26039721034563507     
 -0.46161924736376647        1.5814024636858741     
 -0.89061073116807321        8.0297839972775513     
   1.6665466521674930        8.9505767473642042     
  0.74258655551879360        3.1205488318518939     
  0.55389138193505860        6.9831491101028762     
   1.3406074279857607       0.37793824586031310     
   1.5633074273189911        3.1522597514032107     
  -2.1592977419721127      -0.20845397390097425     
   1.8489034606094819        11.037732373786037     
   3.3823222172228191        3.0521457291842049     
   1.1022467021782925        3.8800075193497374     
 -0.94997683534968969        5.3631632298946244     
 -0.69697216615942215        5.9230322362061241     
 -0.16755651675711361       0.49697030047211238     
  0.32203804174972900       -1.8003589562411548     
  0.30138995969496035        1.5343874709101895     
   1.3261625070964140        5.3192137196546980     
   4.9135292333949119        1.6258363883114308     
   6.6195499981528565      -0.59652037013473824     
   4.4859060304154914        4.2776903056116558     
   1.1368196288064858        3.3869105162035797     
   4.6179603232750575      -0.59531395186177882     
  0.68061282357531416        10.371125437616261     
 -0.18007198773726280        8.1449165488292952     
  0.53246585149534498        2.1865037828925220E-002
   7.2196310606143408        1.4015272422593461     
   2.7052774888909870       -1.2435997786632278     
   1.2664364858285833       -3.1719244515075755     
  0.66423802128283049        1.2975138817921938     
   4.8622492862930384        2.8878012526779080     
   2.2645906064051222        1.6396012531662778     
  0.35821434354568238        2.4196728725780448     
   2.9252900112934852        6.0099003649944800     
   5.4249351178422316        3.3456571870387362     
  -1.4942878579528087        5.1097886075922396     
   8.8926361950585633E-002 -0.58845432262986663     
   4.6937020269421792        6.1296422137261066     
 -0.62051926583450367        2.8685300338444502     
   1.4972008513045878       -1.1671555681814176     
  -2.8279750259875325      -0.32019519226497778     
  0.16550351656705656        5.4916501529171242     
  0.64130182558128512        4.0657356035361731     
   1.8454136348442816        1.4409188357026306     
   1.4601985655597334        12.391397378882068     
 -0.92504966023326174       0.53045413188030899     
   3.6471838818798856      -0.93863522474300620     
  -6.2980144061125717E-002   1.7724415716356716     
 -0.39177153762913219        5.4523221523764942     
   4.4106462628601477        1.9052383747331378     
  -1.6663031843572107      -0.84629196306500143     
