  -2.2201735845007535        6.4740033081414392     
  -2.8502228127614906       -1.2375891648665731     
   12.824995883420696       0.58010901623278466     
  0.61429533622120802        6.0201472029570340     
  -2.4624170340543738       -2.7309695810225580     
  -1.7770727330083051        2.9700562235459169     
  -2.6333162278238129        3.5131124283065804     
   11.642632247318341        1.9688293186803514     
   8.0276515160753927       -2.3488918632334537     
  0.55784826088140438        4.2198015871827828     
   3.4524321818689683       -3.1099760907064740     
   2.1279496742185153        13.173240828761028     
   2.0195063395834496       -1.5614087977863265     
   8.9107577648845844        3.1433996504234840     
  -2.8059140606495516        3.7369520887803582     
   5.5665950394085932        6.2367922668164084     
   5.6804111749345747       -1.4973708060287021     
   5.0699116437449501        4.4092365260904742     
  0.22032290726261294        5.2763501833953104     
   6.5619475120077553        2.7280038056406153     
  -1.2103354023775887      -0.31125268431200093     
 -0.11037001268902502        7.2262773398511069     
   1.3136634113093044        4.8482709331725236     
   6.2723416750675067        4.9648642020025306     
   1.2453458234251316       -2.8248210242728917     
  0.61112754155869142        7.0926003254415129     
   1.8728320601657766        12.564113800459474     
 -0.67121414148718728        11.220316396090304     
   7.3873403004666329       -1.7231389727849111     
   4.0091406391601581       -2.5492230135374911     
   2.0398232256729618      -0.36097126246537803     
  0.17010407625685309        16.557330506718092     
   2.6633203893352868        11.141091387042296     
   14.598544143987516       0.12238785789158824     
  -1.3828496011769726        2.6841358456340552     
  0.51003397844277742        5.3540380606249176     
  0.94294292994936013        5.4022477116053764     
   14.783330487839995        1.1416958103427475     
   1.5798568777869177        5.3870820846730680     
   4.3476614541517922        6.3368409572784099     
 -0.90114786933637747        16.297800842116121     
  -1.1423129947359643        8.0581583978739744     
 -0.32248034484356891        9.9312052869382406     
   14.364735000677337        1.2778434481299370     
   4.3265697956796210        3.1398995610370108     
   1.9612087427887457        3.9077423923948857     
   10.482882038108597        1.1599765955273305     
   8.7282666567866585        3.1108100045703897     
   5.4235981137551832        5.6105771979738979     
 -0.62867792738359096        16.599685049579037     
   5.6141885535944347E-002   12.030130121127113     
  -1.1223984951692492        12.731384253222522     
   16.991009103653234        8.9579213133701430E-002
  -1.5166725168664268        9.0618555057370767     
  -1.7861832175891894        2.9751219734562002     
   8.8683345580562953        2.7511680643017198     
 -0.99299351995588037        3.3917042671845805     
  0.25507444100131416        4.8693489553476059     
   5.4919984625134077       -2.1780618229382416     
   3.7229189296440048        4.2360557832255523     
   14.897606275084845       0.71908369622622947     
 -0.86724645365005459       -2.4005861078906201     
   6.3045415420791517       -1.8863096754988107     
   4.9807389710288295        6.0579584809178808     
  -3.1122714632538360        2.2094026864388634     
   8.2889524461600974        1.3851775562490380     
   5.2119308453096576        2.3618377215340209     
   15.128333418635988      -0.70125120627547100     
  -1.7995150856459092       0.43438888115476226     
  -1.7346433563748984        9.9690986377495729     
  -2.9274250986213133        2.2560326225298835     
   2.4263794014397688        9.3904909733332254     
   1.3829203163543995      -0.51729206493019753     
  -2.1294933396980000      -0.40174228013971547     
   11.078782348266024        1.2585831966672338     
   5.3187005467606543        6.5213779654579511     
   14.132606956441149        3.8953627728023132E-002
  0.26389912442727903       0.93993748538383981     
   5.5573977322169767      -0.54819866354724622     
   7.3459722450268945        2.5668274267681839     
  -2.3384470049280668        7.0018783931614994     
   2.7808145817760699        1.8221380042625985     
   11.889383093428744        2.2763760958362336     
   1.7061914181707638        8.7680593264334075     
   3.3157596222943000        8.8035931867649335     
   12.929808771556944      -0.98933202970702361     
 -0.54230700738982973        6.5922001513994264     
  0.53958789199794754        11.107296935751197     
  0.40961972658929646        14.302059514560725     
   5.6467677613148748        5.4755645390127246     
   3.0966099912127558        2.4397807346221154     
   3.3824752927154536        5.2049437514793340     
   7.5044387531979559       0.67609960723680329     
   3.2445075103066325       0.69651385839966773     
   2.9353361084045448        9.8612525432065539     
   5.1519783540792776       -2.0073123970730418     
   1.2943339396387086        11.234695072169508     
   11.905789929275493        2.3416756770310614     
 -0.82517069412084787        13.324398942298401     
   2.4108402452317468       -2.3623835819268897     
   3.5794745865111497      -0.53847244549323525     
  0.14500544131505411        16.230130198052233     
   15.872092923776039      -0.86551412259814686     
   13.555194743173439      -0.80071200508816975     
 -0.97082860074417621        12.988567907671541     
 -0.46400590978470513        3.6682674776139463     
   4.2630452129866292        1.6396577095383749     
   7.0015508176815953       -1.1779013949803594     
   10.118718830952199        1.9396908395381867     
   12.252215158609257      -0.52466243032203952     
   4.2828090332947433        5.3660603438777539     
  0.50955582132593102        8.2616106722437639     
   4.4797878606083046        2.2790400670828892     
   1.9113033433681070        11.025306062572010     
   2.2087477926653718        7.5708576735470885     
   5.3800407775630852        5.1869296009301618     
   1.6408788738883264       0.77173676720204787     
   8.9954308168553681        2.3063881216975646     
   6.6592132922920033        5.2570204125121496     
   7.5746157828375633       0.18276808373373754     
   1.4806964350414717        13.196463392146640     
   10.113457821564044        3.1722012754501256     
  -1.0808264418341724        11.799338656661767     
  -1.3016622354764043       -1.9311680720826283     
   2.4926057255357539        6.4012228327938203     
   3.1838091842980867        7.4493619460373193     
   5.7206797026877396       0.31001900385739711     
 -0.25596708278394686       -5.2361493043859397E-002
   7.0260488577550859       0.46309031041404358     
   6.5867960553637186        3.8832592688461820     
   3.7240369285459569       0.67292930574840559     
   3.1184200484136810        9.3083970622968426     
   7.0957927715764502        4.1267007736168857     
   11.866066484182884       -1.4079541020634863     
   10.691555446228065        1.1351928070728143     
  0.89321965043205376        4.5947077210484029     
  -1.0307915312719387        3.7244022277297373     
   9.5306858746861209        1.7562937225493429     
   2.3409294322880494        7.1747528963870142     
   2.4678492609584874        10.921001633759415     
  -2.0277597796869453        9.2228669224530044     
 -0.82946762215053038        9.1839833283064163     
   4.3572230010796247        8.0592452360203612     
   10.468870844693820        1.6465953197914076     
  0.13701808957891792        13.582215119046463     
   1.9363668700619816       -3.4857244025993817     
  -2.0923934779592304        3.5343666526922299     
   6.1310518488785846        2.7430643578162246     
   1.5651620594180176        2.3927998037465685     
   2.5226114227613521        9.0917252051353508     
   3.1653140194798142        4.5974971822346600     
   7.4092061307038932        1.7287059250891139     
   7.7331967978311535       -1.0773568041883217     
   2.2352593811756338        11.631930175100969     
   12.375506611015503        1.5892333963684622     
   3.4313091839678109        2.5235792889024133     
  -1.9350387241256941        8.4080557812883931     
   5.9824423776910578        3.9298733031955977     
   2.6794227760580953        7.8678770929510620     
  -2.4027202348226173       -2.3322388716163225     
   1.5511772693571682        13.759781651696155     
   5.3828245586526968       0.20905761143495116     
  0.89178401558316311        15.289209687251031     
   15.506256340528433      -0.73827245532934516     
   1.6651242732955249        9.5165133760022318     
 -0.44908509160816745        15.424542902949764     
   3.3159716079089896        3.8901186020234086     
   3.6486118553059677      -0.48313895221510661     
   7.0600702130081405E-002 -0.31559006224302255     
   15.156114375861163       0.89687554984569440     
   6.6859863055340956        3.0207965756915871     
  0.53691461755617498        12.463822730600473     
   12.317914927526214        1.5948324104199698     
   5.2626991269544927      -0.29415030470106496     
 -0.57679052303693990       -2.1434640500913691     
   4.8357549980341528        5.3049683420905751     
   7.0807992708876206        4.1882321828663418     
   4.0341018637350281       0.56215707281474137     
   1.8647729211498514       0.47280025425677819     
   1.6109524137595863        8.4888638947565163     
  0.89255947806037783        9.0716720253688194     
  -2.9532032832070185        2.0253985472475358     
   14.593267650852928       -7.9616324272472117E-002
   12.373960571461152       -1.5367200619745787     
   1.0527809672195105      -0.38730973504241817     
 -0.46685323637954568        1.8671813961278416     
   9.1410115104134313       0.17338723146318902     
  -1.5436847242001828       -1.7401412665505611     
   1.5671245002787466        6.7106097495571326     
   8.6895371301686630        2.5498087535249820     
   2.9911028289895873      -0.80613097793158373     
 -0.25442418946927203        5.0401201609104458     
   2.0159812046045649       0.83100871493811690     
 -0.33624546635711372        6.0789973077778807     
   1.7822361986701023        14.449885262072872     
   7.4623380361282727        1.5065200773759435     
   5.9268350626001816       -1.6714279917051549     
  -9.8147308164650671E-002  -3.5455179430164940     
  0.39070246448019352        7.9697675251177031     
   10.969403541367281        1.9646266129374630     
   5.2479722479108322        1.1079722663875224     
   15.450660668421614       0.95010238599953345     
  -2.2007387206366853        4.8745982779568546     
   2.8875724167322914        7.7843935153570900     
 -0.42815966195516175       0.91409736237031458     
   2.2080569839251134        5.0914438565736653     
  0.69483578128373846        1.5928130803631304     
 -0.26775637413845876        13.860631845660446     
   6.5236390905992572        1.1323253497710133     
  0.51700082873152331        4.1553370518300632     
 -0.80888003316007806        9.8189811435933674     
  -1.2685430990833231        5.9516515726147752     
   1.9886269743672336        1.9130038785893819     
   1.8618677848922762        10.980902408840937     
  0.44006529560686181       0.83173500364648101     
   7.7585788593391563        2.1078829015948215     
   1.1970361441934441        3.7993985928572713     
 -0.33061837348932244        13.544485616633576     
 -0.97910771588016665      -0.28323422747237670     
   1.1484738100055867        4.0445092313299575     
   9.2177091109934768       0.84823070460518535     
   2.7762063830950692        7.5511275339372155     
   6.8943809786710428        5.0866622918280555     
   7.5685318337233252       -1.6803160229083680E-002
  0.76603832653852644       -3.1602768432096364     
   2.6468731956401510        4.6020238096908592     
   2.9814671332247413        4.4347017698394886     
   2.3608669973607257        4.8187134075582208     
   1.3966488914138702       0.94715168262509097     
  -1.0005087435673587        9.3628853157958805     
   3.9930668006090726        7.9038434129766522     
   11.444966649118674        2.5735363298184217     
   7.1629680332189913        3.8836083277235685     
   9.6069057461342968      -0.82684843248540263     
  -3.0708844431244615        3.1462050711719010     
   1.4630198837512256        14.844140437270969     
   6.1031775776284469        3.2759952191001855     
  -1.2085727487787064        5.1332720608141074     
   7.0609071748069887      -0.86223346445381166     
  -1.3064141511631115        1.8337762575115879     
   8.1280563588745256        3.5082249013263760     
   10.712800915872485       -1.8419077671514992     
   3.0767742292913263       -2.4555177009779596     
   4.9923060624637596       0.33702705244893183     
   4.1276521112928020        1.0267216853771921     
 -0.65222752810654372        3.6820767785167088     
  -1.8428313697828926        4.4441399069261056     
 -0.85963607295765243        12.268861057862889     
 -0.90912047739134172       -3.6351053618039031     
   2.1364530979442562        10.336847064054499     
   4.4247445075180423        6.4032737882993285     
  -1.5019804602380009        9.4308958740155511     
   3.0678379149621446        2.3570567894987273     
   7.1303219712761869       -1.3586176478985474     
 -0.41666276655508483      -0.44049007788589645     
   4.1743846036202150      -0.20260428883376003     
   3.9953576647531288        3.8746094211949411     
   10.607037313706812       0.11023895216845148     
   2.6791365319514369        5.0393455580785194     
   1.2502409047431162        14.798066965520359     
   12.799074363213427      -0.82505731476153565     
  0.18066902587179268        4.0263995653383784     
  0.60209946185100716        4.9069543758825525     
   6.6253290521976833        1.3911039058017320     
   9.8330817203110712       -1.0959232609042502     
   2.6691104635858340        10.645202524459645     
   9.4303870462788897       0.29084865836047724     
   11.244185789258982       -1.1797653579836314     
   14.918748973499936       0.86360264900140793     
   13.812953257136604        1.4952997653921929     
 -0.25658604544158914        9.0005746590257996     
   11.366596146506417      -0.90837453301731230     
  -1.9148242395259460       -2.8950181409230127     
   10.421447855480478       -1.6856683184446566     
   10.133754750327554      -0.82039366365204724     
  0.62469069071099970       0.24485429950676885     
   9.0227543444802123       -2.0780730880205533     
   6.0428729904810492      -0.92898928042101803     
 -0.81445791320382899        4.5223296843643670     
  -1.9192584006413533        9.1449819592327817     
 -0.66432588336137677        5.0075652415484910     
   5.5936707485669430       -1.3499653531188458     
   6.4279168127498973       0.54437023040966759     
   1.3060422605725726        2.5840649675138194     
 -0.78639916401499432      -0.94467134951649001     
  0.17571213745344272        16.549359839737111     
   3.0694577461183639       0.87904350564048572     
   13.343288928848130       -9.4629929870837515E-003
   9.8696462126433637        1.7051782612193036     
  -2.2409014442599835        4.2557589950758583     
  0.82746099785516547       -1.6743927827794951     
   3.2419881249672069       -3.0212100632022922     
   4.9942802755359654        3.8621610682683847     
   5.9481186441051772      -0.32738303009002401     
  -1.0840411914088572        7.8499365565995216     
  -1.1554247200949646        9.0568196704599675     
   7.4831082440430805        3.8167779245375626     
 -0.63222569772716630        14.679381208142601     
   5.7867200966465742        4.8360677815175954     
   1.2947416709049624        11.904161960779344     
  0.83564195349174719      -0.62774762379972904     
   9.0769084895409335       -1.5051691659677773     
  -2.0420144611550608        5.0958772088806139     
   1.5138532089257191        1.8583658258621845     
   5.1554403128588469       -2.3838363905266871     
   10.737667777257508       0.91870866687117880     
  0.23890391992307869        9.2185853583291806     
   1.2206902451694774        6.0753352431384329     
  -1.1363787582522100E-002   12.607031272777743     
   13.995246357789044      -0.82003286154653976     
  0.38805952547390277        14.942535931880379     
   4.6204783947383365E-002   3.1471940180985505     
   4.3034492587701525        4.1794523450528018     
  -1.6014812075678770       -3.1533582516670382     
   7.1669187315764020        3.4883269378765038     
   8.3081273792018369        3.0307533758194913     
  -1.1141779247508379        14.342210383378212     
   7.3620475315972040      -0.35045692962870634     
   12.943592798933311       0.13103903633544567     
   9.2899703733406582       -6.7242129291487540E-002
   2.6056941281233477        2.9195012718118707     
   6.3651483704216893        1.2113630474087942     
  -2.2946249793200693       -2.0671597768079764     
   7.0429289059413183        2.1126548840866248     
   1.4223320576219289        14.645609561406086     
   6.9497248116495616        1.8903389433364572     
   12.482106317846105        1.7029484263747521     
  -1.2096531751973867       0.17287553834450087     
   3.6154817325801205        1.5016769695999632     
 -0.61707508033922309        5.7907422855114632     
   1.9645874866576949       -2.5067393233172366     
   7.2883116471972098E-002   14.952523602192780     
   3.2201947259596433       -1.4255670523476902     
   2.6509006542871592      -0.26159355408481133     
 -0.48401710225233296       0.35002914246863126     
  -7.8581666195638888E-002  -3.2036402517373110     
   14.788293295068764        5.4798989554226463E-002
   5.2494059477760366      -0.93234054238815478     
   4.9113230939306849        7.3585973191861296     
   3.7576942553563106       -1.2028560081921427     
   14.105189562288258      -0.59822899342300273     
   4.3336524053448233        5.1930737530019595     
   3.6851529600896860        2.1988982827046324     
   3.5797746648442819        7.2841327404511826     
   2.5532111099486019       0.71642206643722739     
   4.5243883689189790      -0.72245273551297151     
   10.717713400384428        1.7027655900741734     
   9.2179045917302425        1.5533793645369234     
   1.3887999833605202        1.2959052835735876     
   3.6164581541765100       0.45566068845669472     
   13.687286706333774       -1.1979189827992927     
 -0.91347786019983657        2.4720473374974961     
   4.3046064795967087      -0.88598326468477140     
   2.5876815048540487        6.1539830845234356     
   4.4710842737124441        2.1482463557376446     
   4.0355215256410979        7.6586710240912304     
  -2.9710774291527682        2.4693707948069039     
   10.792489468737866        2.5318029794977170     
   4.8819467055866657      -0.81994831077760066     
   2.6024987366946672       -1.9104410219413559E-002
   2.4874650680343025        6.0378868235349259     
 -0.46179856303342914        12.742093877877711     
  -1.9888495923378677        5.5420097563793149     
   3.7481977153646189        3.1692697697959260     
  0.97834396650174815        12.502888194202960     
  -1.2795825636951363        5.3735670138363112     
 -0.78735927170797604        14.445908997535884     
   1.4177142966703742        3.1970648480634121     
   10.997846775007563        1.2178315666493291     
   6.3879295795714803        2.3248327073724302     
  -1.5440364774733319        11.306005232554883     
   3.2093458031325297        6.3952108434001325     
   6.6283076180254863E-002   11.120547444267304     
   13.264188162207487       -1.0305731196584356     
  0.47638926642904122        6.1016482316523000     
   2.5441869013959129        8.2981522432086336     
   4.2725375808047623        7.4045963184976102     
 -0.53805785185628618        13.162360496679458     
   9.0571084809841906       0.24904361126903751     
   1.7792715908936034        2.7555643617726671     
   13.459808814018908       0.31451156982316197     
   1.4014807057877081        14.359441934181927     
   12.574871624257238       0.34681444286401719     
   8.1205697640164658        2.1840421038951310     
  0.27842604460680898        4.4935064588419742     
   7.9819564810493766        1.1446143453229225     
   9.4145381484238460        2.9415766548210214     
  0.75084966327452518        9.2422320910714095     
   4.2467061137163160       -2.0393983302050236     
  0.26404815789933789        16.081644509796668     
  -1.6505970166877950        4.1650755690095789     
   6.5204531998261981        2.6569336216936121     
   3.6393651869069861        5.0873113475145004     
 -0.34815170012261376        7.6940549625898171     
  -3.0242372003308109        2.9109050473513842     
   5.2179342808640943        4.0510139904723825     
   3.3850159445849068        5.8785996582766025     
   2.9103438411894076      -0.58663386034451914     
   14.979068457417634      -0.25688912368852534     
   11.449842068585614       0.54258714727753654     
