 -0.64685156599032512        2.6046731367898133     
  -2.0473507435137233       -1.5293418729172519     
   1.4041697114331919       0.40397742241779788     
   10.202114847437237      -0.85831427259236204     
   5.2378894442068562        1.3263937676680504     
   3.8944156803697147        4.8651641958256731     
   2.7773188321312103        4.7240994241839518     
  -1.0694022257657871        4.2867090131676147     
  0.92618509606879584        1.1787290625752744     
  -3.8623647133492423E-002   7.4012571956030184     
  -2.0541845892636554        4.2151897983162323     
   6.5277318063560434        2.2878905773321785     
   1.1168214878310767        14.055972363140480     
 -0.23146708893994772        9.6749318535553357     
   7.4707189071381981        4.2088555862271395     
  -1.9197416072149573        4.4159083598765525     
   9.6081536653057640        2.8632940607137582     
   9.1806996207744120        1.4913477517534970     
  0.87693647559072474        6.8069857311790978     
  -2.0277779120060897        9.6285316994167438     
   6.3780626747360349        1.8147982105377158     
  -2.6492091682284382       -1.2102044594202779     
   12.975531355769480        1.9896493680604532E-002
   6.0069009406480811        3.8622890006637469     
  0.68396054436008491        8.4194105026373229     
 -0.36439704059403866       -1.6228187417851170     
  0.48614810332628489       -3.1723852015011427     
   2.5328784694906892       -2.4706398102640041     
  -2.6542501347844389        5.2039257633949871     
   9.2988637981852484       -1.6171352707731685     
  -1.7976382248691223      -0.85150380472920340     
  -1.6415453965057281       -1.5224017144376436     
  0.87234847966165940        16.551276334013796     
  -1.1954586592018899        6.1259189257924520     
   6.1406456724849106        4.8978113393592233     
   6.4413545663986325        2.1867621997508797     
   8.6818573938159425        1.5454376005723107     
   10.100153143389573      -0.26194376499074323     
  -2.6643951099650383        3.0715563794600644     
   3.0917348870864183        9.7483628182808779     
   2.3971365915509519        6.8073236808303728     
  -2.7700800412734385       -2.0593771976354982     
   2.0765990791753470       -2.2091418070510316     
   3.9306215646454685      -0.11804686071503090     
   1.7711833485865567        9.5406921008875045     
   6.0475147471842385        3.6296894579094872     
  0.40550169486896248        7.7822333265038788     
   3.1552415884994049        10.408837222944143     
  -1.8327771322586344        6.9205020294414004     
   3.7436802865153780       -3.1274403428798929     
   6.7555753666422484        1.3791738457152958     
   2.2746759259291123      -0.81155149427074713     
  0.81970584355783060        2.1069554881999686     
   6.6602570946604684        3.7139675416902032     
   1.7654423078047303        1.0439392765571673     
  -1.0106427362602601       -1.1782328348272824     
 -0.50201544953283284        15.341120955670160     
   8.2550595566200400       -2.1686832087009300     
   6.1195307610266321        3.5356364093666368     
  0.90733759586110097        6.7269854476005948     
   9.1961121648388264      -0.59279463763077311     
   13.105661673835932        1.5337551217196372     
  0.63122843033124054        9.3133771312181928     
   6.9088547764242199        2.7053847711560888     
 -0.16892583479755352       0.98134582257605185     
  -1.9242026107376811       -3.0716284059084709     
  -2.9753854397952080        2.1605819564316056     
   5.0300627290480966        4.4677959064195063     
   8.3532667163081982       0.95478223393596462     
  -2.3609506973790388      -0.35858275336724965     
   5.7122435247899910      -0.23643463511938290     
   12.843829060753968      -0.65348000937724038     
   3.9451496232649337       -3.0215029152782016     
   1.3523381657808864        1.2834349944545131E-002
   8.9792514433370911      -0.72282796118487846     
   2.5750007706041558       -1.8363232460650107     
   5.5593258367920955        2.3416035589357396     
   4.8552963227946320        3.1250668570398759     
   8.8896090265947514       -1.6518727624338299     
  0.65649214128076361        17.834974548367022     
  -1.2893656400556894       -2.2439928225477397     
  0.12616003158000000        9.5161596168527538     
   11.609570906475962        1.2933061018126342     
  0.23743217028938313        7.8122432112392159     
   10.020372113742180        1.4729726433921018     
   3.7963813589641839       -1.8516253776271872     
   1.7068954936736773       -2.0791654072729204     
  0.11640154963866411       -1.5331910926947692     
   1.2979705043312348        13.395069701948486     
   3.8519905747828771       -1.3575143099899583     
   4.2911272411566799        4.8291830031939034     
  -1.7865726892099512        1.9838446947861446     
   1.2812146347076725       -2.0147343785807408     
   1.6988501942371439        6.3553078375629282     
   1.7371654481125223      -0.26523992255760342     
  -2.1547585935764024        4.7305266570869788     
   4.1261059748730222       -1.3959745404528943     
 -0.62436571027818566        5.0283674277379342     
   11.571179927091830       -9.1098629549259957E-002
   7.9196693604909205      -0.86176148971160682     
   1.8042419761688597        7.3974686800369023     
 -0.68324178532501101      -0.68064211972431732     
   3.8273153981215424        7.6414435513704460     
   10.801242973721536       -1.5784227080039810     
  0.72992604391297355        11.129250733378377     
   1.0213519602095822        4.1505700777573900     
   2.1906843239025484        1.0205257307197764     
   3.9848284253573993       -2.4008495287999319     
   7.5134497705322234       0.43644143074403630     
  0.26071955657265766        1.3357288114054153     
 -0.76592728387311082        4.5476598930564274     
   7.2237567720578104       -4.7457972772068313E-002
  -2.2099018812046727        6.7641173953485980     
   5.9236770271214221       -2.8161640613662340     
  -3.1770438578040610        1.3597105066448361     
   1.1692827974533824      -0.55612543565714967     
   9.7464509596346396        8.3324086598000946E-002
   5.3363251257943221        3.0122543586069535     
   1.3625649072131658       -1.0911101669408803     
   3.0557166523647616        10.027344929806727     
 -0.51979005681201107        6.3106523234711736     
   1.4151063071508663       -1.0925277641173903     
   7.4216271388229229        1.7882377846356485     
   3.3677943520249043        5.7631002029696932     
   1.6671386030733055        2.6847829662861313     
   2.5088878757817650        8.5097010858865119E-002
  0.87115077533938123        7.0274349399019096     
   8.6270765641428646        3.3907414206525965     
   5.7887681095488270        1.4121630404541374     
   7.3538385049072632        2.8556555508146948     
   4.0399239973927825        3.3434053090898033     
   8.5367509488585043       0.63854597218428655     
   5.0994729038799234        6.8938762860065887     
   3.8165139954628797       0.88953204429779742     
  0.13166362300708956        17.626177840579334     
   3.7964185400158250        1.4387453974327338     
   4.4111587286899772        5.2857824154889448     
  -8.5127491344065831E-003  -2.0800607269239411     
   2.1933151947953959       0.65749898001606155     
  0.95884284958212795        9.5875389018566857     
   10.456064367675097        2.8889388154991957     
   11.011376483766675        2.3309211409119222     
   4.3351589284829704        4.4186751702466553     
   1.3725981506238920       0.26634809426638562     
   3.6006069096996107E-002   3.4219249481096936     
   4.7461693462941055       -1.8882217934793826     
  -2.3229220045629146       -1.3393170068470823     
   11.538794017917141       0.72005601080922244     
  -6.3423189629725929E-002 -0.49638351851992990     
   1.6788400356316968        7.2865091448700285     
   1.2013208465181320        9.5397984800400621     
   10.066722661862176      -0.85881316287445397     
 -0.65758426868495690        16.095847892562951     
   11.576060749700495      -0.53419420535004924     
   4.7180515921805997      -0.55279731729790615     
   5.8033919636781528      -0.43880875479110681     
  -1.3496195498192365        10.579986103223700     
  0.69491558902374972        7.7641838968520878     
   3.0037613049410714        5.0709070113454819     
   2.7581313715082949       -1.7737891053575765     
   3.8648961029397313       -3.2296139458320239     
   6.4002327705795130      -0.89622662274499332     
  -2.2754397053934605        2.0822604465181200     
   4.6139333575304464       -2.9286816324096723     
   7.4544979757624317        4.2622225275828631     
   1.7040558344103438        6.1034297022687332     
  -1.4872767903124409        10.303209066483877     
  -1.9016469393798945        6.7846169494296467     
 -0.24532877749860749        9.8153829388136273     
   8.1492914422453353       0.32989350851228405     
 -0.91890479407839853        9.2835452703423549     
  -2.3397277614348044        3.0123610792505779     
   6.9037165009468024       0.28395973562198940     
   5.0204359847358022        3.3526924055814877     
  -1.5876237596892320      -0.84790509989040164     
   4.8745904121252392      -0.43624514633564182     
   9.0944265445238628       -1.2787306919640056     
  0.54548036906114072        1.4728654529993568     
  -1.4274626197672444        13.102328394298066     
   1.6851428793334824        3.1622280151051001     
   5.3878055218969125        5.4203036932233717     
  -2.4485598442104659       -1.9448453684051021     
  0.53203322387984686        17.097495785429238     
   3.9580844653289722        6.3626461114773312     
 -0.44092641957251155        12.508038686516397     
  -2.5635764825570933      -0.81926697803048576     
  0.55754560618403204        7.7176071769432122     
   1.0292328207175094       -1.3804762036020355     
   2.2219949082389734       -2.2435342818844868     
   7.4139593660847867       0.95934641969153933     
  -2.7349052814243109       -1.7669044736968817     
   7.5732477377435723       -1.1860773779927278     
  -2.2310218598787004        8.1448046737651119     
   6.6500348293529195        5.5015190370918345     
  0.44094130392463793        11.065608442921324     
   3.0817486761624355       -2.0790236852040751     
   1.0655779470839075        15.350834421725136     
   11.815986503615232       -1.4823035177507875     
  -2.6289967833367562        1.0687571913753962     
   5.4731008750114798       -2.8799682629788919     
   1.0995923311459270        9.5410026268165709     
   13.018172166308446       0.64942270980644334     
   1.7732772878265299       -2.1715967135987513     
  0.93929749199472301        11.923399999539576     
   1.0721866159210771       -1.0978161231862615     
   2.0704823471040203        1.1929838780126030     
  0.60336012952269291        4.1542512027559386     
   7.2313363753799491       0.32746547062579889     
   3.4536620888492804       -1.1947864301400060     
 -0.92880888635944325        15.976980301316512     
  -1.4256683058692938        3.4365751488535228     
   2.8204068838995502       0.32720715894982710     
   1.5034426516570196       0.81451615003253419     
   1.3441712014279510        10.628327126578316     
   6.3414104752007701        3.2718218094768794     
  -1.5442383133077064       0.10827354084166663     
   6.7775636826740948       -1.5430662464018488     
   1.0674044420462501        10.830062023783157     
  0.21897752584536567        10.205593272747304     
   2.8121343452705654        11.032761139502394     
   3.8830106467845473        7.1966362259661567     
  -2.1622673294186052        7.2600021920458842     
   1.0237971701847028       -2.1955135715894025     
   10.649310742850265        2.8295336277452066E-002
  -1.8651584164072432        8.0615315041659947     
   8.9855428074269170       0.66071330611095647     
   6.5111190463512729        4.2346766982947752     
   11.616135833073290      -0.18046804724430965     
   5.4053608058523226        6.5629336876204070     
 -0.80496947887864456       -2.8414112646466743     
  -1.3809400222472017        9.9567684418914943     
 -0.93889332452355356        9.1063471663057776     
   7.5053017603710392        4.1659020359709684     
   5.3600013838788323        2.6316491015295140     
   1.0590360347652181        16.074412919038192     
   1.5973197947648581       -2.4830446602304423     
   1.3757110271943427        1.1917647625633405     
   6.8685660456647630       -2.2198569061393001     
   6.9248893582690920       0.30059610700447692     
 -0.93620099038207449        2.3213546654023505     
   3.3180022869725843        1.1024787658261337     
  -1.3945410597333563        10.379536717213693     
   5.4121788656482286        3.0773749824584167     
   3.0413365096607947        9.0481210437815918     
 -0.69632922197695901       -2.9166574450951415     
   5.5875708877485097       -2.0863613960696243     
  -2.8644892245790934       -1.2700875138826975     
  0.52570851338389879        7.3327011701383524     
   3.8433940100214210        1.5534957959177556     
   3.9458283986787217        1.3725929478590704     
  -2.2314741427312779        3.5655715032286857     
  -1.2925753483830675        5.5848224730344489     
   1.6630617923782234        10.900103089230729     
   11.889953792210719       0.59537400555633102     
 -0.77862828875790946       -3.6539424676722794     
  -1.4631404455737267        1.6828684728713421     
   1.9983847263667567        12.770338281249582     
  -1.5179804287009402        9.1109054461704808     
  0.77978371667280388        17.262864920090436     
   4.3288955968923686        3.9123563015165663     
  0.74010639890894669        4.5392255464857181     
   2.2037480309973345        11.298775763532618     
   8.7338247015075936        3.9218254478700896     
 -0.20369071001239192        9.5777907129809634     
  0.80064996440375857        13.296796056524169     
 -0.69576539604462528        14.908984280174469     
   6.8382480956975664       0.92302015917222047     
   4.8147605782877791        3.0576847917744345     
   7.3031926714652862E-002 -0.48631019803961051     
   4.3793220636278143        4.0528620809638625     
   6.3139127494589138        1.0983958558234859     
  -1.0402264797294651        7.8651951089740164     
   2.1645254294004905        9.0157813642347229     
   4.7992783268400450        1.5558077150005376     
   5.0483148274265011       0.37800106693545388     
 -0.75895217974410611        12.220056690085148     
   8.4784022109418267       -1.5891614896162456     
  0.18137084693391659        15.586235155738017     
   2.2924168465510624      -0.81798727719223052     
  0.48034363811448477        4.1787883265243968     
 -0.76147301004156676       -1.5815843968096863     
   5.6167293838990329E-002   11.082200120068457     
 -0.64574381321218777        13.308599593899210     
   1.6113303703938477       -2.6677287458423038     
   4.2067144649145733        3.6744572614346058     
   11.723060685690388       0.56317302508665978     
  -1.8252963974635550        2.7550963263437502     
  0.39636993350404914        15.810635301509301     
 -0.14802476778371654        10.990356424128297     
   12.426160783710916       -1.1211474636648378     
 -0.77360328856572469        12.870106851237452     
  0.53198981412836366        11.902467183928490     
   6.5789893739491712        3.6723793829476605     
 -0.40760691513868874        10.450869654046446     
   1.6664211742644186        10.655158760287730     
  -1.7881916695168096        4.0375465269502806     
  0.65127922849034547        1.0264417719084244     
  -2.8064699771857384        1.2635168745172098     
 -0.94619186112551823       -3.0663793721724408     
 -0.80530484296788751       -1.4898922686891116     
   1.3479838918931311      -0.29454234232173881     
   1.1060040530396256        14.200804199327589     
   5.5650945575195392       0.39437659337438369     
   11.042446472849129       -1.4480880882312777     
  0.15200541508533316        8.1030854828704157     
  0.89305421862442369        1.8669617635577866     
   6.1515458791518318        4.8772894577035908     
   1.2136327101349229        14.836393209529724     
   5.9493277235152524      -0.55701823319600274     
   2.3903040154644728        7.8924674533634649     
 -0.81233739278947281        17.250868063323708     
  -1.0355078149162207        6.8280127712955787     
 -0.49924339962896847        2.4123770123127377     
   1.9575455766860062        8.9558606231607829E-002
   3.2529511206894846E-002   1.9461165555793407     
   9.0531797456098602        1.3343157403170647     
 -0.38180497066955832        11.619402742608578     
   6.1915212428436446       0.89083916160985055     
   2.2551498431646584        6.1189914035631796     
   1.8760635791538887       0.26834641789226010     
  0.72537435910370451        8.6480138936256026     
   4.7141105012194435       -1.2035564940412855     
   9.7654201301793684        1.8679586938075321     
   8.4618305393355087       -2.1084946092745653     
  -2.0581058031680026        5.9913233185467023     
   2.3734144563014654        10.432108243998435     
 -0.16205303560123241        18.277900932080023     
   8.9542213412529783        2.8837396433439748     
 -0.77923987347572998        14.000133837119488     
   8.5973118880588437      -0.77269062846799264     
   9.9312106294364639       0.20398414345887161     
   1.4650493750470917        14.924714703569915     
   2.5724085529844629       -2.9712719853551155     
   9.7379733320666801        1.5468569346943362     
   3.5624486540798106        1.5165736270823666     
  -2.8133951912935671        3.7367009080545195     
   6.8820070436377980       -1.9863201462672326     
  -2.3098121625845014        7.8823984119286221     
  -2.2904457934873372       -1.1982130907971666     
   2.0643409988171024      -0.24584110076917653     
   7.7688635850631576      -0.93245169372629677     
   1.0132221186044772        11.253666671447412     
   1.7335047912882544        13.750346378744851     
   2.0966684947949545        1.6425593008757717     
   5.7865750458951810       0.69631117185116054     
   1.4434388603132247       -2.9194040989076284     
   1.1403682546165017        7.6872982618577828     
   2.4870744199509094        4.3189641217294605     
   1.6521078239927354        10.989348465592151     
   7.9268528712434785        3.6477519257598710     
   3.7558596137734837        4.9363713962486804     
  -1.3738268657590385        4.4092973408724463     
  -1.7982138847856226        9.1505422180988951     
  -1.5751393513954921       -2.4281433125971899     
   2.0448272821497282        6.8238547738660111     
   8.7553179435407991       0.70427704600824548     
   4.7256738187092635       -2.7968547723649868     
  -3.2627857000890512       0.92234882772825522     
  -1.4949464939698565        10.037199018479178     
   2.8640784397897621        3.3711244068034452     
  -2.6638167546651994       -1.2587299283422224     
   1.4620165732738677        7.1089715477570605     
   9.9840377465220129        1.7769586226094995     
   2.3219374781766664        8.9446645904987250     
   3.7873755460681089       -1.1643279570365248     
   8.2884222695459435        3.1448099028431820     
  0.42602722410000293        3.1848581730933603     
   1.5133374305210712        6.3044871944945369     
   9.1302591978326291        3.3865201104005820     
   1.8499717288727693        1.1559970367475643     
   1.0366019357397116        5.8703266559472995     
 -0.77375941787155877        1.3909374878520300     
  -1.2463745303457623        10.956040188377738     
   8.4254494800291155       -2.0900494523479654     
  0.45028291555416544        5.5079131323279258     
   7.2840505753810225      -0.50118572687383800     
 -0.10638872492608265        2.3390665254843768     
 -0.58019017101986226        7.6550431811806936     
  -1.5624384225523378        7.6556084297297486     
   2.4697876574699933        4.6290905774164495     
  -1.2600232192417198        6.6187844527180504     
   3.8255709777627702        4.7594641384708991     
   1.5704015721420257        13.943353122632455     
   5.8484018518099523        1.2988770892733639     
   11.752132378170035       -5.7563731086092140E-003
  0.77375043574661184        7.8023781237990297     
  -1.8961243345611698        8.9517039731925436     
  -8.0247543420575607E-002   2.2287606422156845     
   4.7984452928830157        1.5926509430547187     
   4.8710433558346820        2.1059533730180071     
   8.0681416603485836       -2.0787447807946382     
  0.83627437785173253      -0.53321801023044335     
   2.2908656006702879        2.8902203769840664     
   10.561841920718063       -1.3528043133634582     
  0.17030989277583064       -1.7132163521505710     
  0.57176321186938983        1.2097144209887736     
   10.649397217009973       0.99052841433451100     
   13.101757790450023        1.5406159285950585     
   8.3907084316169893      -0.97591031635850589     
 -0.58373683024680556        13.073056230103919     
