 -0.95712602115403533        2.6731181755432876     
  -1.3256945832055578       -1.2293550390893189     
   1.1063328861044799       0.62227210409172651     
   10.239581301926147      -0.64972896568141103     
   4.7874228008949418       0.75205429244262700     
   3.5130097189483300        4.5925328608980385     
   2.7075018218042133        4.4947004876784122     
 -0.68571200493012752        4.0537532439175896     
   1.0077777541407928        1.2146688287701917     
 -0.20574142315084629        6.7092288823985360     
  -1.6781406892701558        3.6721607666676621     
   6.8151347768738342        1.6642182246440012     
  0.64183320981292302        13.254061029583738     
 -0.20014163660215711        9.1420537213670539     
   6.4442350348603776        3.6017623643669716     
  -1.4706985885523445        4.2016928362730397     
   9.1162150554454104        2.0507696858349713     
   8.6714257220831552        1.4867363271975826     
  0.79982020011047261        6.3168783615520541     
  -1.6892694196661069        9.4391669660600250     
   6.1377317438720143        1.4865216623200119     
  -2.1123240558376479      -0.64857968518705977     
   12.871845920033049       -9.8131289556398604E-002
   5.2790178534333547        3.7154928680450960     
  0.62622527594425403        7.8244359147936686     
  -9.9981638358530758E-002  -1.4995790423692621     
  0.18463322098500320       -3.2335223584494353     
   2.7972646600035653       -1.9971620928475340     
  -2.3677682163633400        4.8795719589385547     
   9.4915601654246959       -1.6025865236409265     
  -1.6448850682900711      -0.42574649639883089     
  -1.3478196823323569       -1.7144087528783569     
  0.76483728511785387        16.517618448738151     
 -0.72358683632529297        5.5316196137257849     
   5.1763650048321592        5.0085910127574618     
   5.9377173430689867        2.0100290695831506     
   8.0395462205396786        1.6102913989229313     
   9.7132171795565618      -0.29030204243065688     
  -2.6319275900334653        3.2025210894787683     
   3.1819835888814931        8.6545081755574564     
   2.6705960868694532        6.1756436459173756     
  -2.2164228390026866       -2.6084060165279519     
   2.0642184943798161       -2.2215742377343495     
   3.9144360053630183      -0.29766360153895510     
   1.8950153890811183        9.0046605114762457     
   5.6309701546529434        3.2614391412990256     
  0.15240932740510665        7.6338341170594095     
   2.3216476433710791        10.023138639474217     
  -1.2786824358382152        6.7506480442815224     
   2.5543242657566756       -2.9089228264935376     
   6.6214159105685457        1.1543829545276751     
   1.8929100123115705      -0.70744143964408934     
  0.63757703218382022        2.0438426638554703     
   6.7861721458924436        2.7046911991171538     
   1.8199555736818898       0.84707354870131446     
 -0.91905119427501092       -1.0234397192235307     
 -0.32502261083513256        14.293361264241103     
   7.1976946632031416       -2.1577525078056263     
   5.6645254199037387        2.6539741129925614     
  0.59372693403312016        5.7724798498342373     
   9.1302365209289640       -7.2311073399195153E-002
   14.189688020559361       0.79069752321193665     
  0.53625302883416714        8.5004328123793940     
   6.5970865677300612        2.1583938626573915     
 -0.19847037739797624       0.99850296910730296     
  -1.5258781746523389       -3.0620900220500800     
  -2.7611895903912393        2.3845603243019329     
   4.6362291507517339        4.1073965640785861     
   7.7451474396872682        1.1343777053651243     
  -1.8017412972311084        2.5987235674326935E-002
   5.5123980488482989        3.7072657849721427E-002
   13.710931776701736      -0.60478487065321918     
   3.8363441528694193       -2.6442350319811694     
   1.3670664590065906      -0.12947312891336976     
   8.6057847756063879      -0.14530781101236923     
   2.1147216941293547       -1.3209276916644572     
   5.4856053177178987        1.6444011847352002     
   4.3585947655628576        2.8914539282039340     
   8.9697101721433512       -1.0624728268962691     
  0.47191387105405075        18.258402795444542     
 -0.92965944735224693       -1.9856953064598168     
  0.43549816065669078        9.5819840603966639     
   11.474464540520477        1.4277345916472690     
 -0.33096404703059812        7.8380998203632348     
   9.8622996791026676       0.84988522845285941     
   3.4680189338212712       -1.9150008578319770     
   1.4737090563821762       -1.5304592556582650     
  0.28787468777280306       -1.2553778672462419     
  0.68677727744005190        12.697511635904206     
   3.6617134609123494       -1.3494610445988113     
   4.1980571007173344        4.6469579615460699     
  -1.4509424804816140        1.9896775656781762     
   1.0876872086988827       -1.8113627771183238     
   1.8149743274131545        5.9658711054943954     
   1.8044890688503470      -0.25919812893635119     
  -1.5333222636236723        4.7736229971788218     
   4.1959126380633176       -1.2178102792340142     
 -0.46958895186923416        5.0335836546665744     
   10.867236265145859       0.16506695924890449     
   7.4431793816407552      -0.35555646634093668     
   2.0171618752903777        7.5442835588148958     
 -0.57679073926700486      -0.73775363789222836     
   3.3615107434513396        7.6550089271370014     
   10.293319928643021       -1.4324398790784729     
  0.45474533530479144        11.107385783344345     
   1.1551471428924440        4.2539576242580743     
   2.2672606100955832       0.96655015156227519     
   4.0305172449324473       -1.7931762673066112     
   7.5831960922028765       0.63482761761185069     
  0.12843112184397074        1.2937792728185642     
 -0.42548484077847765        4.5002954384619640     
   6.7132622531103490       -5.2959195202352205E-002
  -2.1998910727077048        5.7334918762493920     
   5.7068080438079694       -1.8689544033430396     
  -2.8765088038727482        1.5658905422052654     
   1.0165633919385191      -0.61224694005772329     
   9.3029057404066204       0.41950212342915405     
   4.7606972388159301        2.4293182290282953     
   1.2701594956036317      -0.98108037307115736     
   2.6947627326275740        9.3204658875135635     
 -0.24904024055412752        5.8840863985213288     
   1.6963549491831154       -1.1209497264941966     
   7.3871967405040708        1.6298167873675928     
   2.9095871814879852        5.6005965725810078     
   1.8127326905780037        2.6590523531922532     
   2.6000345418942343      -0.10451299895889464     
   1.0487383769547898        6.8100508813177196     
   8.1596861774427403        2.6916434685596307     
   5.0853959168395635        1.2587395775571650     
   7.1437067186813668        2.2292824636462205     
   3.5738848438191555        2.5690044748537018     
   8.2067185086355661       0.25048551316120826     
   4.0925712093380167        7.0207900857375556     
   3.6369028642653709       0.77572145127508996     
 -0.48264467846934989        17.846286437048668     
   3.4737243603826338        1.2708219232095523     
   3.7451517976115714        5.2891617353378768     
  -8.1933369059361327E-002  -1.9659790418511263     
   2.3102926353375235       0.49246652798329127     
  0.56784206979587026        9.1033525668418633     
   9.9442076116714659        2.4064098846970468     
   10.801302757922638        1.9822362959569493     
   3.8560581189359207        4.0893921784410949     
   1.4173035283012998       0.30902309423276270     
   9.6191374100914301E-002   3.6440643765070400     
   4.7729754228257377       -1.2241467110348692     
  -1.7971766238965388       -1.3791328724935588     
   10.934620058592531       0.86720412758279974     
 -0.16441121996365088      -0.59881808873151054     
   1.6872322588361119        6.8813262587241679     
   1.2072249344717809        9.2339118918698908     
   9.2318018566147408      -0.58262435090242870     
 -0.75425522543044643        15.888626430174238     
   10.816696006604667      -0.46198260729574858     
   4.3323455735357772      -0.63894594837248819     
   5.3598635115833977      -0.48256360921131475     
  -1.3061160218194601        10.859823005257500     
  0.75151183285895484        7.2920211683119014     
   2.4206433411751731        5.0232876408950204     
   2.5968783256917485       -1.3109177882882095     
   3.1550546455127142       -2.5030179044687637     
   5.8885667098994370      -0.59071307096216186     
  -1.9834026807694318        2.0468640257291981     
   4.5158603743811350       -2.4603945739618642     
   7.1134677532274910        4.3590789560308174     
   1.6704567977450051        5.3507980403296944     
  -1.4938965608102643        10.173531935260124     
  -1.4036381550519410        6.1370047596175281     
  -6.9498518419852051E-002   9.6240923763465442     
   7.6719989392222514       0.11280125359208357     
 -0.67942987360515494        9.2627339572595808     
  -1.9580637896244781        2.5956977757546449     
   6.1175093999516434       -9.8371902387817539E-002
   4.7223978350212388        3.4250442966439496     
  -1.2480311423236341      -0.70155652934723545     
   4.7528310073395303      -0.20952803471808351     
   8.5310848465312024      -0.66568966588111800     
  0.38047396791865717        1.6694666365283435     
  -1.1221909794449691        12.958206610040259     
   1.6759869534782259        3.1463150824575350     
   4.5462526913465142        5.3499301124500871     
  -1.8478655578253389       -1.9054255472156263     
  -2.9731872930051771E-002   16.232400955196773     
   3.5713075153721570        6.0379581816021428     
  0.20203354895002756        12.259597531407628     
  -2.3002392054251066      -0.15077315961027357     
  0.23494566498370856        7.0742690609051051     
  0.71567783682255148       -1.4810037412814443     
   2.3335555796355805       -1.7579669948201708     
   7.2121892870094291        1.1065494745886542     
  -2.6649885091858820       -1.9098595365232918     
   6.8551389969893322       -1.2853149746702377     
  -1.6797948602953299        7.9143759421804365     
   6.2138319881922950        5.0319792195432296     
  0.25351268029192914        10.592164515394877     
   3.0676370186426176       -1.5237241997575224     
  0.64258778327936128        14.981057604690243     
   11.778070230117249      -0.92592401030083182     
  -2.2123008050410582       0.68210595997277157     
   5.1493928804623890       -2.1773989862734693     
  0.98323878137951060        8.7417862356148230     
   13.090574759124738       0.68018304368462046     
   1.5510230621134495       -2.0321488558867511     
  0.87409602234726114        12.088551582032208     
  0.82566816563211209       -1.0305464192738101     
   2.3164480411652999        1.4420636975458727     
  0.68569897862776974        4.0097722789712096     
   7.1479662962666941       0.24116075025954412     
   3.2406074581433972       -1.0370454559807984     
 -0.84989253790857977        14.934218614375579     
  -1.2688477421099800        3.2791141389430769     
   2.7672460298561736       0.34554106251356603     
   1.3841043818145973       0.97367879921350264     
   1.0425248272410825        10.342984332999576     
   6.2311318332299859        2.5337242777435143     
  -1.7204690371027060       0.50036632136289327     
   6.3836894917784797      -0.88671997276577741     
  0.58567663779423351        10.082013809948975     
   7.6122736435091848E-002   10.100513987970906     
   2.2357272671208195        10.833142943344990     
   3.1459992922740057        6.6916274144974714     
  -2.0409880708355153        6.6203679494091858     
  0.66656735550586477       -2.0591113295638528     
   10.297077670901004       -6.0881342137592373E-002
  -1.0590200282814657        7.7060674763298707     
   8.7424448981898255       0.36301251748757635     
   5.9166425651447527        4.0015274420412474     
   11.424140254385826      -0.24061657674014725     
   4.8272821239213695        6.3033157333553902     
 -0.48937840438528435       -2.2374088390499201     
 -0.46350351587346628        9.9328834879378398     
 -0.23857567997004583        8.5572357731624766     
   7.0518028285520789        3.3151173871387170     
   5.3546789143370725        2.1835629282298310     
  0.62861891823440141        15.677390842596639     
   1.1141657951795012       -2.3371111487295284     
   1.4123252285581123        1.4285988452166576     
   6.3828760485177130       -2.0578721579236925     
   6.4086002022910584       0.38212155991383145     
  -1.0181202254797321        2.2033921292287926     
   3.1365627511094742       0.88095378950070391     
 -0.81976881933196477        10.356078354992738     
   5.1421613657504839        2.9395764487825997     
   2.5536843234880151        8.0054153559876529     
  -1.8542958366919118E-002  -2.4886017437259147     
   5.2357282795249294       -1.4942819478581755     
  -2.9185221438359785      -0.62896717305262428     
  0.30235607304567519        6.5315735837085205     
   3.7489124572844461        1.7499660040686056     
   4.0001077536304246        1.2638676905603861     
  -1.7913310335306478        3.1264816687001677     
  -1.0382568379630195        5.0692938206524376     
   1.6183686818429297        10.225982512128871     
   12.183517795788404       0.51425120428246296     
 -0.60117974190368317       -3.2196755441953613     
  -1.3934349004497912        1.5093025435168799     
   1.8113381307893204        11.935603684054682     
 -0.69818250915418123        8.6918347402500107     
  0.27647928786855436        17.187428865591016     
   3.4518538407762622        3.5815842920906524     
  0.70367722580462844        4.5395916171904451     
   1.5214992742184332        11.194445196420864     
   8.0271443389463624        3.6632074361308375     
  0.16532869107305248        8.8207091371534592     
  0.11728214200823583        12.984787536960678     
 -0.99704450739047101        13.851080738367912     
   6.8525054238072007       0.67826433901116590     
   4.1685298874811014        2.3157322568127121     
  0.22562843046465159      -0.41439508725085139     
   4.1478881221083332        3.5834734296012938     
   6.1659932846618837       0.91737858112058135     
 -0.76321269881515241        8.1692163551941643     
   1.4913442149829828        8.5406194978131822     
   4.5424599666284502        1.2508863214575161     
   4.4641999041776588       0.27795068754113161     
  -1.1199309585425838        12.099637389934262     
   8.2792208177247772       -1.1536201471401364     
  -5.3461546811326158E-002   14.882617616675123     
   2.3253441450897050      -0.88820508946631160     
  0.24209632175794338        4.2798184478194603     
 -0.50909092097479713       -1.7388262593371693     
  -7.1664425028538037E-002   11.036852937864948     
 -0.37720904657155291        13.347424996890672     
   1.1646553138140010       -3.0189272583071096     
   3.8216547973997996        3.1236267354417886     
   11.460788408199836       0.43767212519160864     
  -1.4192714659440888        2.4895701843480320     
  -2.6701488977833400E-002   15.523424175079034     
 -0.59630447954526111        10.896961097699567     
   12.720705461499044       -1.0010886286862635     
 -0.37743574310091516        12.081790781342711     
  0.28634282398911559        11.659606282947836     
   6.1508132603530967        3.0659252550521843     
 -0.29004958018583699        10.466840087282357     
   1.0790514897357693        9.7716004025513676     
  -1.1256257230624125        3.7780443134456250     
  0.73410145039356201       0.86202598589371093     
  -2.1290585893720366        1.2081206868703087     
 -0.93946708695452363       -2.5306698736912021     
 -0.91559016911090252       -1.4903938545846884     
   1.4589813998319188      -0.56392427777169651     
  0.59645005003362783        13.852858340835363     
   5.0032931775453449       0.24930380781332298     
   11.048410740061730       -1.2029555106775662     
  0.11156839387167031        8.1650194440831925     
  0.83371804665623050        1.6300324550927354     
   5.3974357141045592        4.3651564700567613     
  0.34105818860693199        14.417961885719629     
   5.5454926371110744       -1.0239947370417042     
   2.5693833402860085        7.1399134973933531     
 -0.55575737715295603        16.855679200439411     
 -0.72231840549259640        6.5990580666174212     
 -0.58023862698179551        2.3753256671839833     
   2.1558563794897925        4.2590271613293026E-002
  -6.6683971595260849E-002   1.6910486133720783     
   8.7110878619867709       0.90314920692352163     
 -0.30061033301294138        11.518077776509168     
   5.8852833261659230       0.43383386873558683     
   2.2689517357740492        5.6189721026071471     
   1.8587177837728244       0.39249189010674984     
   1.0090422669476351        8.2094372641887645     
   4.8781884267012927      -0.70880783465077568     
   9.4627377921663367        1.5181626828583235     
   8.7234057686916362       -1.7565390083275243     
  -1.3784660241585576        5.5472619879698080     
   1.6938069620217533        9.5973629152068209     
 -0.16451628385757999        19.362551654962029     
   8.4647818253325990        2.0907820037213218     
   8.2007849352847516E-004   13.774974589026563     
   8.1057024296431646      -0.27672572394739936     
   9.8347359770616070       0.27153280938916574     
   1.2545987483691283        14.422634942258854     
   1.8083213650714254       -2.8165520565462856     
   9.2876663790789546       0.94972241019942671     
   3.2100680747376824        1.7191753232629663     
  -2.4922058510813532        4.0296371712027002     
   6.0653256943661313       -1.3646333272750291     
  -1.8592597654765024        7.3054547652714907     
  -1.6737307668849413      -0.90016984716575099     
   2.2463162673988646      -0.41481023810655843     
   7.2930564266505558      -0.85197309306125213     
  0.91696487488303957        11.487247084561073     
   1.5068106594601305        12.675507741739446     
   1.9617606615763232        1.7702196484790171     
   5.3424002843318616       0.64326397870420349     
  0.62184576221127419       -2.6095506372895025     
   1.3120523225583969        7.3415601910885222     
   2.3778448364863554        4.0083233147705029     
  0.96272223737082374        10.893186725739529     
   7.4829936471288638        2.7703459015697094     
   3.1066514552308164        5.0364856079880758     
 -0.98568623958823298        4.5086362612062247     
  -1.1308429858126914        8.9928641085409993     
  -1.4161678896569303       -2.2480497976649505     
   2.1635747985891007        6.5279748145991787     
   8.1551875511126504       0.78474090894503634     
   4.6224205892174970       -1.7450255174168849     
  -3.0327733439242346       0.32829208182324604     
 -0.96945381376368844        9.7154893057483243     
   2.5111212059310413        3.4577761955248381     
  -2.3256290673026121       -1.1679715256400358     
   1.3778825384231022        6.3326484292430294     
   10.115119179571732        1.4436498971425695     
   2.0501521939547329        8.4003214464982641     
   3.8214307670848648      -0.81456665256828287     
   7.7226431695097117        2.1267465419792480     
  0.57232572729669906        3.5139025595649493     
   1.1943283925561603        5.7416377715578273     
   9.0969629704132693        3.0104816980109597     
   1.8606359262682637        1.3058338120888986     
  0.83554847305188462        5.2595120861428999     
 -0.98282393187613670        1.7428012069123788     
 -0.90264394646253976        11.411057050359300     
   7.9815808328838571       -1.9290830883501542     
  0.25822895538753449        5.3114925391856866     
   6.8458342888290140      -0.55575505949873860     
 -0.16166957813750868        2.5858648116840488     
 -0.29610962199820445        7.2641148438588035     
 -0.84541733855869960        7.1626299652852667     
   2.0959080739323883        4.5077834269790023     
 -0.81928753862738257        6.0800832064981671     
   3.1317790100383003        4.0845712963285461     
   1.4429914961170671        13.540603104746012     
   5.6354988115578575        1.1092776360013639     
   12.114703783504828      -0.21502219232069245     
   1.5076906147707361        7.9164591878125243     
  -1.6238053635730465        8.5689512600776485     
 -0.19468963427301095        2.1231918891924408     
   4.3042162988739952        1.7539469114681698     
   4.8901833375905897        1.8419962058964072     
   7.7242797234466041       -1.2198950681646021     
  0.58134289033563513      -0.66226408817760152     
   2.1790749351766090        3.0226760938067039     
   9.7084731637119859      -0.89281019968998776     
  0.31860869962061583       -1.7142420808990244     
  0.56742231051630265        1.2667186499328293     
   10.386284771698506       0.54820708526084660     
   12.476724421738536        1.4747968089005528     
   7.8532857512822032      -0.71579691476984342     
 -0.36275662701043843        12.669655708527642     
