  -2.8935453572102885      -0.23105619229946051     
   1.5996291637889455        1.4866762125791537     
   3.1915502245772469        2.3700301833919393     
  -1.9362499006349596        2.9565743399141882     
   2.0155074932945150       -2.4299909392511294     
 -0.99221352810822283      -0.26359416327910973     
   3.0351616604037499        1.8719004507077917     
   3.6448275952411118        4.0694210728824665     
   1.3205335338061579        9.8466858836379547     
 -0.52279033053026591        6.7855714800367082     
   2.9622737968465036        3.2476741594726888     
 -0.22406359043595270        5.8132211992261995     
   3.7204157899378596        4.7900069907954803     
   2.7438946289280066       0.95956453246369333     
   11.594484299015043        1.5908078936504806     
  -2.1752571282247790       0.44164980601629261     
  -1.6702177000258736        8.5335461148730971     
   6.6256396251076186       -1.2387555567947330     
   2.5425515777872003        1.7431857259580021     
   7.6505818533365861       0.84609442097413334     
   3.8352021620059658       -2.7804066098216929     
   7.3113090697375069       0.21506164109934620     
   5.1912463371636051        4.6126168337287652     
 -0.66143147262599411        2.4101075781721111     
  -1.2924529334344044       0.87049985366740035     
   3.5361457552436901       -2.0033049395091949     
 -0.25745030727119306      -0.34259756739769065     
   3.4989442710084635      -0.58818757176327552     
  -1.0203595800346659        2.7368438933533081     
  -1.3730975376547110      -0.92248345324776648     
  0.78988311615923812        15.042968174509598     
  0.74333482195404543       -2.5329933496538475     
  -2.3644703429730507       -2.3448705137106449     
 -0.39878398400382808        5.2876840600534445     
   1.9928769011709022        4.6474392972928804     
   5.9524204021636153       0.11185778842793348     
   3.0713256673992960E-002   1.8054432339793594     
   1.3732990313312738       0.61631021445851397     
 -0.48271823746782377        9.2961221867668726     
 -0.64196307011980924        6.2053188269367254     
  0.15798960598166137       0.25022452255123728     
  0.77158124242487225       -1.5671116291800000     
   9.7319863199508507       0.12514523966487368     
  0.82840560120533413      -0.68497879081910207     
  -1.6567844370385520       -1.2864875485345539     
  0.84751297663691971      -0.26448897050443165     
  0.37073336016486197        8.1969724708307012     
   6.6151536252496781       0.18934062024381976     
   3.9561620685794483        3.0235422526096047     
   8.9031340732943640        1.7539361533267293     
  -1.7994071355473518      -0.77139881904084984     
   1.3913170152122802        4.6651377846866078     
 -0.18101880729399020       0.51641444782439339     
   2.0363734998043652        3.3830704392056874     
   12.841255982364515      -0.68643543928255202     
 -0.97860586875955413        12.874319274242808     
   7.2771330432573711      -0.99149194358112558     
   1.6221242644186107        3.6925227149155360     
  -1.4059951605343295       -1.7094665818318329     
   1.1449325850728442        4.1810038892192756     
   7.8052701601906568E-002   6.9512230258766818     
  0.49623741391612652       -1.4014673836970113E-002
   2.5948838161833909        4.1476732054879628     
   8.8791401020891403       0.20425791943670085     
   3.7209305992928940      -0.15611466690967499     
   2.8219969672205476        2.7240154545667448     
   4.7810958164690476       -5.6369414871444964E-002
  -1.0399137529002453        7.1870769082757970     
   2.5969799875967934       0.53147070824719367     
   1.1701330833006398        6.6949653925561048     
   2.2175989832850860        7.5637040007033214     
   3.0828018465393621       -2.4426831858106501     
   2.3276562515981016      -0.29474105488619967     
   1.4824521331084253        1.0527226809374508     
  0.71353412302076369        1.2365486884562684     
   13.045852541418434       0.93899441040942822     
  0.80897259445962000        1.6565864966003503     
   2.7728572066448236      -0.36612650576961842     
  0.72174856686705868        9.2155193629071537     
   1.5783673825542692      -0.21697698184946104     
   8.0679963367343124       0.22705841384301881     
   1.9131654161783169        10.948149904038766     
  0.73303679834175528        10.498594466103857     
  -5.0783907485799022E-002   1.3736209451798858     
   10.164922983200174       -1.2791600164192856     
   3.2325553671951957      -0.98831524947803373     
   7.5335658018007061        3.7694829621935684     
  0.88083927762500436       0.14376490791623364     
   2.9800993349458094       -1.8423215072097603     
   2.1955719137335064        2.0705394507330643     
 -0.57222136540184776       0.34976130217051760     
  0.37277316505123614        1.5180880094339193     
   10.176695779839541        2.1710486696727354     
   4.2780695739409538       -1.0504366500433220     
   1.5504850015398401        12.269534808071027     
   7.2004201754757533        1.4446396178364591     
   2.4165441366789464       -1.1761101831192238     
  -1.4634923539550297        9.5386389710503412     
 -0.96411043857400425       0.17083398848545706     
  -2.1546229421564935       -1.1551795959226079     
   4.9971851288216627       0.46674352240785200     
  0.44046480564580737      -0.86600394934279556     
   10.398892445897545       0.82410939054033572     
 -0.79968824099123770        3.7150211058642175     
  0.34840023950702298        5.9646265657358013     
   3.9162850291033382       0.29703322560600492     
   6.8739512844741206        2.7223298173756665     
  0.11846080624183013      -0.17705412329046860     
  0.22499152715011816        12.401818661832342     
   1.2094836269602038        3.4332201248640617     
   3.5378894060292212        1.9942386322065209     
   3.8904143865141574        1.6280263974604050     
  0.22448770182248304        7.5581147039760106     
   1.1704702931286903       -1.8451753058658298     
   7.4735708763646764       -1.9221944004870841     
   10.627749709363739      -0.15792141610804944     
 -0.22737033088449513        2.5523841251403194     
  -1.2666020474227810        10.934815737145101     
   2.7850445219155118      -0.83925293864329098     
 -0.74149110470579527        1.9506488957929884     
   2.1147358164027974       0.42177150285906312     
  0.31245957403466290        4.5416832729060319     
   1.7390752912596545       -3.1209872260504534     
   4.7833137579852956       -2.5157506592484382     
  0.94747361891831572        6.1032212171174978     
   2.3426087779161535      -0.72856253954359174     
   1.6138388943234494        9.0145833902288572     
  -1.9614832815625995        2.4295855916389848     
  -1.8095127156907562       -2.8737418070108554     
 -0.52505103579392409       0.78302058850493639     
   3.1338143969448669        4.4425635103711230     
   1.4317147099788949        7.3229090471967213     
  -2.8550958807841429       0.49126132830168917     
  -1.8488091601933963        7.5680655982523195     
 -0.80733147316275344        5.6636099838081240     
  -1.9959127604106821        6.6455099615534188     
  -2.1487291542743039        5.7826297939443529     
   2.6858667066065509        2.2181998948676873     
   1.9326417245962269        1.1722996262913863     
   1.5677749831949095      -0.71110662751485265     
  -2.1239560989530637        1.4330085231615548     
 -0.33901834440831863       -3.2292681458519708     
   1.2968168967140175       0.11381139925137589     
 -0.33892106860554932       -1.2142927496542641     
  -1.1715295374494368        1.7877481950272474     
  0.87934133332760811        3.7612982931383079     
 -0.93501600627428438       -1.8195818800951664     
  -1.6174338341200218        1.6127127403531141     
   2.4825594916188010       -1.6542515239712448     
 -0.60916601309337293        10.076071430317999     
 -0.17778032471781732        4.3967760483618781     
 -0.60730878287377799       -8.2158516548058988E-002
  0.35611619303370629       -1.7673511068786929     
   5.3451191822904551        2.8826638888504012E-002
   9.2674692668590239      -0.59148133937730796     
 -0.33074415495279830        3.8613030578001419     
   1.9606949977803725        2.8603069238417165     
   2.0631323955547165        1.6141869908324395     
   5.1679457307881300       -1.5876107956056065     
   4.7371609616200265        6.2274990814136419     
   2.8881845583832377        1.4048440596390099     
  -2.7847723050764293        1.1955510807400285     
   6.9676600758020895      -0.37266972688573591     
  0.21445595464748579       0.67454094651955165     
   5.2480802891079793E-002  -1.0405402727685655     
   4.3006440874490233        1.9756992291587516     
   1.5892991050171152       -1.6193124742135061     
   7.5440403641754266        2.2375458820299352     
   1.5864829258373920       -2.1043708842285245     
  -1.6015113585839973        4.6057382160119049     
   2.0992055729394514        3.9152962926826667     
 -0.63330009570736978      -0.51379431188297753     
   4.7867369951862164        1.4305027781898034     
 -0.68833993224410428      -0.96225698637960411     
   1.6013819627702812        8.0591779144959901     
  0.84941751636685359        4.6135823256560826     
   1.4799664754792596        2.6854635146761376     
   1.2601147479402228        1.7959250264103084     
   6.9100017661104287       0.78330985200693037     
  -1.1496129039369354        4.0900082170286236     
 -0.15682672804599704       -2.4740972463550621     
  -1.3882241405774245      -0.47713039343916341     
 -0.81375256660680306        1.4980228422680344     
   4.5906867467569636        3.1497846471261259     
  0.16490910916937493        5.4259844710928755     
  0.20992634727336174        2.6907450624471094     
  0.95306995654898730       0.54734635439768720     
  -6.8576030017182377E-002  -1.9651115028007151     
  -1.2381062869274291        1.3257922226387975     
   5.6146985860140077       -2.3194583208876391     
  -1.6495603900922540       -2.1624448257671744     
   4.8005309326390808        3.8173148639877086     
  -1.4131543152913888        3.0872806652294305     
   4.8790672135250235        2.0038512743774430     
  0.61139717204275401        4.1544323122148761     
   1.0749069562661746        5.1148062704645927     
   5.7954885516805765        1.1517173401909779     
  -1.8227960257007969        3.4929014588241700     
  0.18390288760800305        9.8020263966842833     
 -0.39352137243529561        1.6574159785939262     
  0.46319002047119107        1.9458143926172895     
   2.6107408376721115        9.7932938989767582     
  -2.8364615415872603      -0.95857592176688344     
   3.2546350261340260        7.9286517659212885     
  -2.6726687923756267       -1.6666385331473861     
   6.6734107675411103        1.9513949450935568     
 -0.10993088407798753        10.751155403925956     
  -2.5538482086769725        3.3818571024319573     
  -1.6806518161084065        1.1409447290095083     
   1.9253729293176276        6.8303591676328566     
   9.4028915231834169       0.96243873536461455     
   2.0052032464961971       -1.4024143276624861     
  0.71169574975081507        7.1322510251252140     
  0.90750601906938033        2.0844874047280104     
   1.3692111184921063        2.2336133375416365     
  -2.6417920011503395        2.6278173999148122     
   1.7197333451527936        1.9289712355786499     
   3.7358568319275736        1.1380489288068696     
  0.46563415039720957      -0.43807571653576538     
   3.1042159677162116        5.1349974203198769     
   4.4467763206828508       0.37087127677035148     
   8.4847054356236988       0.90498333423207034     
   2.8987513635900006       0.13667380020751452     
  0.62260098419316023       0.82203357038146541     
   5.1937255706765004        1.0148914807693530     
  -1.1577438312006652        6.5433056042379487     
   3.7363917478923470       -1.0188335478869890     
  0.42051289851258183        3.6288806180654172     
  -2.2954964278269312        4.9595690464710982     
   5.5797173451320408       0.57502024865128865     
   2.3870663188803536        8.5173640251401324     
  -1.7943475864295946      -0.28574519860760478     
   3.2113099480599807      -0.21581432669736639     
  -1.3521531555922830        5.9280711949408431     
   1.1089013491515531        2.9713213667732625     
   6.3250511855119091      -0.37369557741135573     
  0.11806479103252522        2.2436260902431391     
   2.6804227597553951        5.6667847499517947     
  -1.7538587166931396       0.19028681394857289     
   2.5419502106066005       -2.9802701716096860     
  0.55721313460180621        2.3816516883184797     
 -0.40040517220937138       -1.6558971784258172     
   14.292834742896275       -8.7524569074074077E-002
  -6.6961589096610208E-002   6.3700317082366835     
   6.5155134201116702       -2.1263477644514222     
  0.65382608150074606        2.8279034088344783     
  0.52287643564778963        5.0283871380556535     
   3.3893509667029385       -1.4668184742391586     
   5.6856568746890330      -0.43344233561631901     
 -0.72770251178445133        8.5959568324501756     
   2.3272365807042164        2.5472624050266246     
   7.6824725119471964      -0.39914805742876702     
 -0.67216361780680145       -2.5845173785497537     
   8.4277297676130611E-002 -0.60751719851191321     
  0.99602392701955866        8.5030099330523896     
  -1.9584830788661565       -1.7073288519873424     
   4.5467682697200216      -0.56205089811326436     
   3.3759188882424374        2.8786360808188678     
  -2.2259319442077476       -5.1818464629035992E-002
   5.9805273327521071        1.7781425824097838     
  0.90482005188816961        7.7705977790249605     
   4.4653362711380584        5.1218448310032558     
   2.3479754117624192        6.2727375975955519     
   1.9561843901183793      -0.94412645372485193     
  -1.0113103435313706      -0.69344652590875289     
   3.7210063172567303        5.6112152566852780     
  -2.0250448183950343        1.9260440564107484     
  -1.4750360461543210        2.5884602673795274     
  0.30670375865838567       -2.2626931921222435     
   1.9685914569146187E-002   19.232401642049950     
   1.0514999103745866       0.95380793656552243     
   3.1846931686216386        6.2322039322291758     
 -0.31358033139612834        2.1012909995948941     
   1.9799324798698794       -1.7708502731254051E-002
   4.0132226460001830      -0.58157084686093719     
  -1.7182627187671311       0.66659010535848051     
   6.4597499931460218        4.6088734310621664     
   5.4310051793486602       -1.0020863464152880     
   3.3801957140651644        1.5041666212691380     
   3.9377027782253951       -1.4936943064024346     
  -1.1695415273852017       -1.3102956738401763     
   8.0420289351864653       -1.1405059085308165     
   4.0983101545682308       0.77013109329823004     
 -0.92666302906479270       0.60956760697145118     
  -1.1086649480824475       -3.1547102682708092     
 -0.53533593014281455        4.7638317722978947     
   1.2748173565032166       -2.5211255814697648     
   4.2643627911475894        1.2704418370286119     
   3.5208040109412160        3.4415020658026974     
  0.28774519790076464        1.0958648017203623     
   6.2087374520465861       0.67777220235461000     
   8.0045455289463643        1.5567151604078879     
  -2.4301287779393426        4.1580114479005212     
   6.1157031728158335        2.4817584952358427     
   8.4439411882744686      -0.46129620266997912     
  0.85237036718754289        13.476837673695300     
  -1.1320452028082244       -2.3096898145712452     
   11.482027169408584       -1.0979067732894350     
  0.80078100046898637       -1.1205418986883853     
   1.5876723333766711        3.1560385523303709     
   1.5883320603328468        6.2281378332155546     
   5.3578107169427955        1.5975460980232326     
   2.8778015382457762       -1.3322609973941475     
 -0.47603959513649918        3.3496552449508115     
  0.95360291911633821       -3.2435280584030632     
  0.75355531604833159        3.2870035972196874     
  -1.0407045760262554        4.6021523825584092     
 -0.27822779724079882        8.0490011950473850     
  -2.5083467295172388E-002   4.9177571681048491     
  -1.3627027790939008       -3.3162044752130845E-002
   1.0079370848427813        2.5221806930481332     
 -0.40912608489949043        7.4029744782417479     
  -1.5247121216535533        5.2398757023308598     
 -0.94315383141615217        5.1296422639003119     
   2.5221096282391167       -2.1887778457767562     
  0.73126050891872463        5.5502058335720443     
   8.5901454212229478        2.9479623045939998     
   1.6488417472107399        5.1633053333747254     
  -1.3324775100067647       0.41611801899153866     
   1.1891123332898434      -0.92214666008835544     
   4.1495635175574082       -2.0317918011833842     
   2.0404859942046509       -1.8867530248020969     
   1.5705090366972589       -1.1624449422974776     
 -0.65786569514018944        4.2368744919493668     
  -2.2560738986128586      -0.56931416962653225     
  0.54722409545160500       0.40671580337024116     
   4.2412572959768600      -0.11504979976606788     
 -0.43293487043723289        11.650280808118959     
  0.13436247089971318        4.0151882495742433     
   2.2611477186305211       0.85011518385965612     
   4.5489014352090198       -1.5706459189337840     
   3.7671215931073925        2.4739082257687590     
 -0.57613216356721419        2.8760502508468657     
   3.3965057149066555       0.22080081621367434     
   2.4352952221437301        3.0593641026660627     
   4.9520698754498680        2.6205327545274244     
  -2.7764374641085728E-002   3.4875971276067292     
   5.5643324465225019        3.7424913908914492     
   5.5499836313763717        2.9530000500652918     
   6.9228766608926504E-002   8.8170225923705345     
   1.9461803004366456        5.7236037441939791     
   5.4707443872903596        2.2278657844518879     
  -1.6872627097842681        4.0322797247522928     
   1.2164675942500396      -0.46251451183646441     
   1.8027305065179249       0.74018068161266648     
   3.8882864832409396        7.0369710890238899     
   3.0695991963072755       0.58197784196350921     
   4.2960547921623995        4.3286181786223734     
 -0.71797394315298402        14.356871652509845     
   2.5909341952155307        4.7255273313780268     
  0.52964877740596716        6.5321902806611822     
 -0.87614963236023868        1.0515678915333859     
 -0.13488871029300212        3.0124243548440699     
 -0.29868935400447588      -0.77965814568972502     
   4.8425338277572241       -1.0461515215702466     
   3.5720896111537450       0.67051034052096647     
 -0.46491113490047320        1.2185809882840002     
  -1.2906222950221340        3.5892082652022870     
   2.4403989267841193       0.12001969673443141     
 -0.22523675169673946        8.7432851525217598E-002
   4.3391488596188124        2.5542373610906250     
   2.7634481598225213        6.9491450635389400     
  0.54270292079142801        11.415890798684257     
   3.2282874489311708        1.0353182595073409     
   2.4020130304858975        1.2892133840582845     
  -2.1505438820053238       0.93359964293530118     
   3.0684470961887458        3.8179562996299898     
  0.74232087028252181       -2.0300628683059663     
   6.4521905679812237        1.2823358459250065     
   1.3227189340742826        5.6482686113909981     
  -1.5428365728816940        2.0963257878100707     
   1.6629111184577545        4.2087576777074167     
 -0.93476728483183835        3.2188375392937507     
   1.1539062834824942        1.3698908697550147     
   2.5346460728775111        3.5874515272592817     
   8.9996317213011352       -1.6310960068211924     
   1.9343066665081958      -0.48321695529874259     
 -0.12265158529557399       0.94483133526763896     
 -0.44635356056016584        16.256491925797352     
   5.1034140261970729      -0.51269462861449799     
   1.6823430165897080       0.30476902419544255     
   4.1248754633993920        3.6312021258859333     
   6.2941531026751738        3.3307188626691806     
  -1.0968700027007190        2.2593513988156499     
   1.8418108916116358        2.3847454843224392     
   17.197455994006031        5.6277597590192810E-003
   6.0467348874834093      -0.91617371152759608     
  0.30683463475675465        3.1498784348143398     
   7.3053272364631515E-003  -1.4866482648884682     
   4.6360501262504998       0.88047445614141728     
 -0.53883006361902008       -2.0928310140384729     
  0.40545071067016658       -1.3061250004236356     
   11.698377856935696       0.17096105774727521     
 -0.96005312286007716        7.8816052858956089     
   2.2378859562529128        5.1947026656357522     
  -2.7130404024641868        1.8995552245619516     
   1.1775684600088432       -1.3757095996216471     
   5.8412063150028866       -1.5184723955618757     
 -0.74428157661154326       -1.3930314911274757     
  0.27606682599297000       -2.8662045145521438     
