  -3.1116181377945864       0.85145939102158863     
   3.7440360222486109        2.4802487573181784     
   5.5931090074104670        4.3788167474489388     
  -1.5198824617107454        4.8064286779167595     
   4.4061600671043593       -2.3276449638617178     
 -0.95767614871778717      -0.42051296360820611     
   4.7236382747047028        3.0764489327219176     
   5.0237967439546924        6.4550093792489243     
   1.3756700478762371        15.366801393865151     
 -0.91622441763679063        11.137378869295910     
   5.5415699748488674        5.1659540939629878     
   1.0627471495639651        8.8806018509216909     
   4.2695220995657888        7.5290598367983215     
   4.9304453577891074        2.8444676261679529     
   15.174841878719066        1.0888583855852030     
  -2.4940516015355194        1.8345151439881686     
 -0.92888205688943737        12.765608047344797     
   11.514358069502229       -1.6243418517214447     
   4.3785632028242407        2.9509340912927318     
   12.914287717149284       0.38700877773458231     
   8.9116342213765574       -1.9975769233937208     
   12.719147410323972        1.3268751401781742E-002
   8.6272632478395170        3.8328622143102944     
 -0.91874143659210006        3.9243567078560568     
  -1.1016681320240473        2.9279154200067241     
   6.7440362909282587       -1.4143877801941640     
  0.34599727112265599       0.64407177603472032     
   6.1760810670528805       0.49317177897121223     
  -1.3012075241179972        4.5097768663297355     
  -1.2804489459858455       -1.6291381298137977     
   1.0120625227015743        17.230300680390137     
   2.5464077733017496       -3.1946934610594475     
  -2.4412125023852163       -2.1194427039636219     
   1.0583017587125210        8.0683856069856361     
   3.6168744098566061        7.6476825032074451     
   8.7833598056838280       0.53106409660363330     
  0.30942319930321149        3.6137945765952777     
   3.1835247920418781        1.3615185854075866     
 -0.43241623903063786        13.430774009904917     
  -9.3325327156930982E-002   9.6094598468065016     
  0.42104842762270156        1.7618481361130680     
   2.1746405257857817       -2.2357061053391809     
   14.532351116452149      -0.19168289123916171     
   2.6660881557990828      -0.36604649521982813     
  -1.3583927203155084       -1.5519179962325897     
   2.8532195860422136       0.23043093167667816     
  -3.8692284248229125E-002   12.585009148587927     
   11.037625953393377      -0.11411170541832449     
   7.3480000166305235        3.7884334784954179     
   13.753084384637832       0.55391623974724791     
  -1.9802681028591775      -0.94118244755599045     
   3.2147106261474669        7.3955260022039599     
  -4.0374031464228466E-002   1.9048467284699413     
   4.6790077222516899        5.7919642123845492     
   16.192396466271784      -0.19976047658364804     
 -0.62812759837933774        16.650430876890837     
   11.896699713427752       -1.0350641306509432     
   3.7184972605515996        6.6760939472773639     
  -1.7183777206157349       -1.9621830508494871     
   2.9116226624931199        6.7425192746545299     
  0.10857744337299735        10.586025498882838     
  0.94674673944168974        1.3146854378000956     
   3.9533308718926183        6.6896975507066312     
   13.211550876010664       0.68630865837842592     
   7.0562749369529278       0.31298991134475251     
   5.2619192643441526        4.9492961562904068     
   7.7914541838319771       0.46314485174605302     
 -0.36877809699027386        9.9479505432578907     
   4.5904280313612347        1.1624082505775704     
  0.65193139548522216        10.225062294931371     
   1.1378220462425781        10.421094377918163     
   7.8149686883246225       -1.3956369798389816     
   3.6139748007906474       0.17747850897546291     
   3.1050454205790001        1.7344402572370017     
   2.5635732236323050        2.6732611116439831     
   14.981867197465439      -0.29519934565709383     
   1.6353268205913198        3.4225071192214553     
   4.1523686930397652       0.27536102127780504     
  0.45135143150704149        14.607575366665651     
   3.0777061234914682       0.16734265447648955     
   12.827196611314568       -1.4879362646898375E-002
  0.73870821398767417        15.768453549916542     
  0.73069861325909757        15.305402420318655     
  0.37672015239405887        3.3657064756280555     
   14.441304873119590      -0.92381507745131897     
   5.7907167310470378       0.10721892873842620     
   12.333838823775341        1.8912532173040058     
   2.0465314576508749       0.67405285815121996     
   5.3839442318124657       -1.7990464204740200     
   3.6833146516483386        3.5343380060584746     
 -0.19938769189234762        1.9809520272072056     
   1.5305374729460461        2.7266835235007587     
   14.571876413861675        1.1254421573300215     
   7.0966626625973710       -4.9827348180761177E-002
   1.1922286611071828        16.511207152171323     
   11.796922697504682        1.2312148144230441     
   4.2510755046212942       -1.5901839033161953     
  -1.1033727032537488        13.585515423943777     
  -1.0566569203053984       0.80846668215118722     
  -2.4210184126940826       -1.8174088460662687     
   8.1718261976993993       0.84600129694525528     
   1.9124949426670050       -1.0251426904895382     
   14.631786106986075       0.59351737343991218     
 -0.52066654830277681        5.7657493751602207     
  0.76872385027665091        10.030614506955276     
   7.0695337961531592       0.84792202345394418     
   11.438104798346060        2.3873758260783093     
  0.53706982757275812       0.59040151039370325     
  0.76241581058219277        16.426058286476412     
   3.3986881341865041        6.3268566199596421     
   5.7681782522321576        4.1164727513186010     
   6.2391353653051986        3.1839905695999482     
 -0.44628592652350907        12.431336453904754     
   2.6327656471013365       -2.4697579407602168     
   11.898821060054935       -1.4113008999531202     
   14.935275973816685       -2.1663417964783438E-002
  -1.7154524879055444E-002   3.9626130317559731     
 -0.31414053489813654        16.078411385435899     
   4.5224784381606344      -0.29990709605502319     
 -0.77011961941258633        3.7386848215104882     
   3.7525069284444288        1.5079133102733158     
  0.94607980351691312        7.0249133283108929     
   5.2946782308002245       -2.7097572874575349     
   9.4977434166409349       -1.7574170965403710     
   1.4010722350397118        10.116099223740616     
   4.0202564286394793      -0.97279288108504991     
  0.67757481856037804        14.386359745620299     
  -2.2574924713817635        4.9553787103405647     
  -1.1802313004723723       -2.9135261367619618     
 -0.13363321984826859        2.0372138055267506     
   4.0324134081252456        7.3726189534674500     
  0.78450846241737571        11.356514355377056     
  -2.7280344351556738        1.8421763005409044     
  -1.0399892690415400        11.898133938320647     
  0.64078922863566889        8.0916460170432156     
  -1.2639721137882249        11.255830047745915     
  -1.2997730460477235        8.2300745567484928     
   4.4634633265530930        4.3435390462340884     
   3.8876234957498208        2.2249017774071609     
   3.3015917770115322      -0.72231855621513397     
  -2.1699290443691419        2.8393673173846068     
   1.4070448288003301       -3.0273582907749126     
   2.9701551992804629       0.67891860892059075     
  0.88205622679932771       -1.7012775561049338     
  -1.2245076024059807        3.2727581390135514     
   2.6670721861966800        4.9738745919515761     
 -0.94598331770439703       -2.5979671207836224     
  -1.8243125868006367        3.0681134816284956     
   4.8484992424666995      -0.77483367584930773     
 -0.63514118943502940        15.401198711297839     
  0.33112797579840825        6.1077397724926428     
 -0.12186341830602743       0.50726016709599620     
   1.8477550127369100       -2.3644845453581422     
   8.3392514424538930       0.32229732195678640     
   14.215002894541326       -5.8678244215856878E-002
 -0.19375634550053489        5.9118970191975038     
   4.2167894710389806        4.6321082059395504     
   4.1555335747047639        2.9785860229320704     
   8.7739001750035417      -0.45664655711322677     
   3.7599288013077854        9.1592562298273332     
   4.3944042470316269        2.6866616456358159     
  -2.3288035406198397        2.6426983587384898     
   11.652828083151586      -0.95501331974851844     
  0.59781422735498513        2.1435942574179823     
   2.1089199922116140       -1.3601700204547909     
   6.0680604175263539        3.6674211377039310     
   2.7191429123035866       -1.8239690626121319     
   11.649042153255905        1.6156035145785088     
   3.4206945294403961       -2.7027470588702829     
  -1.8944412859220634        6.9982879496632773     
   4.0817920022682053        6.0708505522660019     
 -0.31906538425937514      -0.63824852037038404     
   7.6846076547142577        2.1459972738528181     
 -0.44395130908392977       -1.3405779443048331     
  0.91966295576655943        11.390946659273659     
   2.6125707690774269        7.1317416224382502     
   3.5891198394614059        5.1227299426454902     
   3.2500253154160030        3.2486813752742272     
   12.172857766908107       0.20849782960426744     
 -0.80640598432012256        6.6676312359118288     
  0.69439620017094450       -2.2827262446793242     
  -1.6235367521956079      -0.83314602997120790     
 -0.73013092237864363        3.5208256754039065     
   7.7620878823857780        3.5550292663809246     
   1.1092633552666267        8.4442650036021867     
  0.67206118062277387        4.5741170531516229     
   2.0115471892582319        1.4192898255915480     
   1.4811838173574627       -2.3979296416967379     
  -1.1597126907016562        3.0475431214015281     
   10.593225464359051       -1.8231034696958872     
  -1.5688299174718539       -2.6144548033751756     
   7.8943114503295835        3.6830067480929456     
 -0.62552213515932564        5.2725757625844416     
   6.8421077522596843        2.8648976128689387     
   2.5909865637101199        6.6613236734418297     
   2.0543565838944304        7.6653619911964306     
   9.2736333395863042        1.6205657449766813     
  -2.3535523801608296        5.9454968895893465     
  0.10809505356851634        14.849158669050238     
 -0.15310678234887298        3.3396859152751954     
   1.2847395406944861        3.0776798313457645     
   1.5761639910374172        14.849578516929943     
  -3.0241309709558144       -1.3392257206447211     
   2.3943592904326727        11.524454499117317     
  -2.7031068278983330       -2.0598147369256967     
   11.606435734727585        1.7389314617503864     
  -2.5586682494873614E-002   15.122145849155006     
  -2.3034039219706095        6.0263752557941022     
  -1.7051920734142763        2.7231327958297165     
  0.99546587934341124        10.101128248637618     
   14.576730844617030       0.61082404313627769     
   3.1019443459608502       -1.7702503561227385     
  0.24993376348790663        11.429610182153739     
   2.8333592723572045        3.4792759099159500     
   3.4374149573797239        4.0179226197174209     
  -2.5802437065370203        5.4669976764364083     
   3.8203270267022398        3.1602285908712133     
   6.5695247861386505        2.8839810474103373     
   2.0519992576611066      -0.19862786172838565     
   4.1221358158480914        7.8035481530319188     
   7.7848425460087167        1.0278880489386077     
   13.434978769753167        1.0927086753921618     
   5.8258897121747655        1.3798321664776374     
   2.0702609970876851        2.5005450581397746     
   7.9570455407479077        2.1139328877349230     
  -9.9217656006441501E-002   9.3811847187332731     
   6.3509882380480338      -0.14201982325993967     
   2.2153593443900079        6.2040222464975390     
  -1.3473019753298967        8.1200683731181051     
   8.4822864276889867        1.2331817834292282     
   1.6775227951975125        12.851555696207077     
  -1.5720265581714374       -2.5363483654490260E-002
   5.3291895048116853       0.42755637579144956     
 -0.23737087722938854        8.4420022889958357     
   3.5148522598453718        5.3843189266935099     
   9.2954604278045796      -0.11676521522872152     
  0.43326366970630081        3.8879727414133844     
   3.6267915556031229        8.0257746232080578     
  -1.2717462555863368        1.1214890570114981     
   5.6612842276932174       -2.4343045622752735     
   2.3294432799381917        4.4109812674922928     
  0.91414705767553217       -1.9978008912800078     
   15.757335938283616        1.0600376076592477     
  -9.0160252924225581E-002   9.9322564090134708     
   11.330785430346669       -1.6427703916004144     
   2.7951810152277656        4.7173676020533755     
   1.3661372127921712        7.7792784988752022     
   6.2277889630877876      -0.54764831921046442     
   8.9530926828457584      -0.23961987084520553     
 -0.42706416084703180        13.166325540747669     
   4.2531797418427857        4.1868400804170243     
   12.652018702101650      -0.44575007280576040     
  -7.2704378709268269E-002  -2.7688850290007196     
  0.77151453068610776      -0.49660743221420089     
  0.18651653123259671        12.376423676358778     
  -2.5854862001056587       -2.0699866506933540     
   7.7146710559889069       0.25232919234555506     
   5.6837146984186866        5.0899019662372051     
  -2.2428999006241921        1.0044020747246654     
   10.837913489675298        2.0644629189379540     
  0.36476633481096421        11.660207720417219     
   5.7866083089057874        5.7312219559395725     
   1.4214342057525902        10.255346638714421     
   3.9162714743721723       -1.0296488975737663     
 -0.97871096658686119       -1.0551465817482697     
   3.3780042551358371        9.1018860120050302     
  -1.6748090179451096        3.9883983750672707     
  -1.4944633670253049        4.5478462626488998     
   1.5613507728088147       -2.8125643899259027     
   1.0121762136027148        17.457388861087622     
   2.7063626987332126        1.9139213324446454     
   2.9646903878126527        9.5321573664895034     
 -0.38038459527408763        3.4695249939622972     
   3.3010881687550442       0.31960091081713671     
   6.9903905615731361       0.23680476447184429     
  -1.7250501100093361        1.9771092343570524     
   10.687850056674469        2.4288657220995882     
   8.6833619765116161      -0.27055557732761804     
   5.8713333099642302        3.0156057221461303     
   6.8062284575158607       -1.2078464815202823     
  -1.0003195406321290       -1.7749668389514863     
   13.080935096307696      -0.72317625299782407     
   7.0444617722040590        1.3926239283568984     
 -0.31981881634632536        1.9939021021903631     
  -1.0821949838155391       -2.9784765375749975     
   1.2989407679248424        7.4349976076501818     
   3.7038500133920294       -2.9831406551540836     
   6.6018652260693447        3.8034624980369278     
   5.4121863417398028        5.6542458420216484     
  0.72712129025957806        2.5460813407775573     
   10.092700935970033        1.1942733402008221     
   12.859251943603953        1.1786281112585808     
  -1.9883972496443194        7.8299572930075882     
   9.5884071104938950        1.9081341276762682     
   13.524898298829973      -0.45258439143245388     
   2.7728123748631095E-002   17.105646858906780     
  -1.5021417144286751       -2.1464441162279178     
   14.959251057148839       -1.0197424949984093     
   2.6033836234899748      -0.80985855731013157     
   3.8226184648188606        5.3315568560700779     
   2.3491701486594807        9.8108697263189519     
   9.5163809748185280        1.8999294394091066     
   4.6606452220910040       -1.5952195474685156     
  0.35763843758296421        4.9273044321753119     
   3.4665247648907971       -3.0860319118593198     
   3.0675149824609078        5.1109439715662983     
  -1.2361008734247902        7.4226506941089792     
 -0.44074869969899977        12.641060652290856     
   1.4487604372537510        7.5897903114050216     
 -0.91618752965724681      -0.18325504139292370     
   3.6406095524753064        4.5240332902320315     
 -0.15253609606896923        11.523147746875036     
  -1.5473922281045942        7.9316746435951444     
 -0.60683054732273023        8.0885808076190173     
   5.3081079778791302       -2.4322002299270586     
  0.88680488902087840        9.6520081275056775     
   13.911736221142236        1.4709881553868538     
   3.0012112357301421        7.3623010868557088     
  -1.2573731563729029        1.5844185598019171     
   2.7596054154398897      -0.93269242477324932     
   7.1606308411463910      -0.77261130119890797     
   5.0034607525689641       -1.9500912636530880     
   3.5532878659583003       -1.0714219558141296     
 -0.55609033384952200        6.0953725829732708     
  -2.7303741411730100      -0.82577373879190796     
  0.95040481839060975        1.6618175780231130     
   7.5044572418638662       0.55822967602784512     
  0.41495895694784490        15.755282379588218     
  0.75858604130526208        6.1419194439806528     
   5.0551000729835387        1.8900945008897851     
   8.2168256733127016       -7.5216564863579194E-002
   6.1024722552089123        3.9297170090731584     
 -0.90856975004821905        4.2226919607574809     
   6.7815931431831302        1.0081949206578704     
   4.8075242837916772        5.3680465935088577     
   8.1960725665846272        3.3897944012290111     
   1.1073662732548466        5.5960324239155934     
   10.004412166381774        3.0362843862419098     
   8.7490147760329204        3.2657032239254056     
  0.31340466671010780        13.620641382038647     
   3.2972802166147637        8.5202198379843566     
   8.2639296917505067        2.8486278236207099     
  -1.8223350943869185        6.8633507699906087     
   2.7619694029327033      -0.50846695178822765     
   3.2991295989680718        1.3680490835958237     
   3.3601946475052391        9.6601357896439577     
   5.4342810646162150        1.8792897229138470     
   7.0641519912789086        4.7356261167331173     
 -0.43563494562483651        16.787163280170205     
   3.8976137864773057        7.7413608368726550     
  0.28516042279262566        10.180116102552700     
 -0.58108829835020082        3.1348470441396303     
  0.47844007310147996        4.6665577648186360     
  0.18449892400963508      -0.71459856616956463     
   7.7280545041441737       0.19186027127649830     
   6.5152231232057591        2.2554921725463863     
  0.11484928924238202        2.5595262878701455     
 -0.76448084746007838        6.0175202231791047     
   4.4398683308928266        1.2669817138954231     
  0.11006484125487503        1.7304753324084512     
   7.6344626863383933        3.4669701536674653     
   3.0473144664202088        10.327711074954767     
  0.60758851654083212        15.682677024489616     
   6.1178622338072230        2.7450922137206781     
   3.9929435303255132        2.5156127362031748     
  -2.4179463712460558        2.1736575579340212     
   4.6338942961479912        6.6157151291879153     
   2.0561348131960222       -2.8997704244303879     
   10.572739105001107       0.85786511642602292     
   2.4813252074800434        9.0142489920568742     
  -1.8674268441670805        4.3824010895869350     
   3.7565494927614149        7.0175275748982031     
  0.29193844877395048        4.9232936423581872     
   2.8034569117078090        2.7755402711989152     
   4.8230771461835147        6.4227146651843388     
   14.307827054478230      -0.99876483318797815     
   3.2637413647434612      -0.39984579456918601     
  0.51786000126185350        2.3627000327253445     
  0.39040801099178024        17.577908611279256     
   7.7698355509970600       0.31136701569975500     
   3.0967000164183260        1.2604683005878039     
   6.0873374993460381        5.0177461239911683     
   11.446258106422112        2.4551441593180314     
  -1.1281356427752294        3.7461585892757467     
   3.9893176153299179        4.5943655460396258     
   15.894261905415570       0.91302012825001100     
   11.248308457160594      -0.95268845521633949     
   2.2807947606737922        4.8861582890528457     
   1.6722031122052452       -2.0005363927780317     
   8.0168669499096747        1.4110278792814261     
   6.6043260280453708E-002  -2.6603015021836045     
   2.1549608788378536       -1.7915200656384664     
   15.430819919638720       0.82373157702733213     
  -1.5518552359956388        12.779466305698582     
   3.4185351061856175        8.4135887995941481     
  -2.2448188788039087        4.6445058653629641     
   2.7591887918044820       -1.7285835757059098     
   10.079067619563048       -1.5301088406700840     
 -0.83531945409756858       -1.7080132913384773     
   1.5081486603494372       -2.9051165130761718     
