   4.4124207431962050        6.9584066362239501     
  0.29527505908527790       -1.6427594557056189     
  -1.7491686743955865        2.3572587500600797     
 -0.98701572432102691       0.57525446932057289     
   6.0292757498323253       -1.2534717871494649     
  -1.3115925330963381       -1.1823595349102682     
  0.95479929243693351       -1.5640060549736718     
   1.4714928049216145      -0.33189229534566822     
   5.1228846594692703       -1.3367608015234198     
   2.2267598933187021       -2.9590962682292714     
   1.0276792894946638        5.0068555383130393     
   5.6377601712619203       -2.3862312905652958     
 -0.27697106902043722        5.5897167518508617     
  0.88715270571310378       0.75778522952202221     
   2.1165607992185498      -0.18743272469631614     
   3.4353356534784494        5.6014813715245513     
  0.48537238936819493        6.1057061379278577E-002
   1.5203032272165822        12.163804840029844     
   3.7613857212805071        3.5456303352493501     
  -1.7738623367206370        1.6455079629213216     
  0.84996231491728680      -0.43488035740255421     
  -4.4297537756679065E-002   6.4597542020543930     
   1.2067355009152152        14.285353233897355     
   6.4464018567038401        2.8906416915134932     
   1.3646942328582183       -2.1328438046995544     
   3.0512631843627345       -1.1759441469570286     
   5.0356702010066661        1.5910431201800070     
  0.25429349683127256       0.62566934547369013     
   21.738184019813296       -4.6369709475478334E-003
  0.25627058482355325       -3.1557473721892784     
 -0.53816192726183387        4.7896257548667176     
 -0.85327446468242785       -2.1635331920734044     
 -0.15489299342744223        1.0973779794605798     
   1.7464045068970671        1.5268692957302421     
  0.80611418929956713        2.5110846120412544     
  -2.0261098545570219E-002   1.7007240312382532     
  0.81487684939292870        6.6068759049049275     
  -2.8765315725937910       0.39853912454945917     
   4.7022937988530877        1.1723152126790950E-003
  0.29718182235234220        2.9753609415477626     
  0.60260819579261082        1.8591850588286438     
   1.2344519654719113        2.0043437872774508     
   7.9808975061837417        3.6544450910550834     
   7.3261108704534257        2.0918417578286546     
   1.6780162113790889       0.27726587398748737     
  -2.2396863251813954        5.3479377908186025     
   1.8903306830609339      -0.81618766093692896     
  0.48023038650158467        8.4323227442308646     
   10.396224482826485       0.10778781284893275     
   1.4285132676997325        5.7313151219911482     
   4.3257449933341050       -1.5223006701007642     
   4.4976384331693984        3.0471868564390157     
   2.4309398727767992        1.8211027603892835     
  -1.5494976393675168        9.3487866147897627     
  -2.0218446566798631       -2.5310733161782721E-002
  -2.8037650033262067      -0.64683555034537776     
   10.915981729285278        1.6354747051608416     
   4.6292888520423627        4.0747460313141879     
   3.2798017263130319       -2.7911710184095888     
  -2.4463534751053748        4.1559061610129344     
 -0.53389133460359983        8.2313506013319646     
   5.8587061563936766E-004   34.443187653687424     
 -0.94903275877120619        14.317208716408350     
   3.5686697586056395       0.97541884921887401     
  -4.9946083998635107E-002   19.091993159695953     
   1.7486216820987286        6.5922655576592302     
   2.4289907647722488        2.5928962183608153     
   1.0402753633301431        7.5699251735965669     
   5.4848581602495061        3.4522945608731299     
 -0.36685717462145251        2.7920326499139279     
  -1.2703228205529791        1.1665941173047285     
   9.1049771738555911      -0.31553617024735825     
   2.3749986073058533        5.7097344352926784     
   2.7580526802708021        1.5223835983072077E-002
 -0.10324920532299317       -2.2908310482719942     
   2.7572239462710719        4.8072724180769573     
   4.1298241870289161       0.49600459838642630     
  0.16794173805970708        16.300346941144486     
   1.1497241564178689E-003   23.160197194859016     
   3.6639146166589107        1.7491105689907664     
  -2.0462480281546100       -1.2448578950047247     
 -0.38583257236164420      -0.54882235066750151     
   6.3389056704748850       0.46013680207065649     
   10.081949930201114       -1.3819577048702456     
  -1.6950661285748225       -2.8453350570661780     
   3.0566545420566493        3.0441251288404971     
   2.2765135449029348       0.47944641370375130     
 -0.37636460046875947       0.53622705982245766     
  0.91066483816349808        9.6275423417102495     
   6.9200682884674922      -0.83794353014350698     
   1.6070794602400187        3.5446258461386657     
   3.2512393553110654      -0.46481414683026506     
 -0.88141312919676451        6.2190721298689038     
  0.23549521952610170      -0.51516047079773442     
  -1.3362901134134886       -2.0733414116647433E-002
   1.5983441528236852        8.6479739786780314     
   4.7507218138001530        5.3080939291147029     
   5.9059851846630051        1.9511362568975263     
   4.3813160839678513        2.1040751104628592     
   1.0763723953815059       0.16462866776865384     
  0.23080439171498796        4.9651947375357750     
   1.0891812577353250        1.3682463583075610     
   2.5742447509493838      -0.66618761779166347     
   3.4219560682420944       0.24721954607458957     
   5.1840063427608989        2.4801040276017003     
 -0.21356854692919203        3.4863257123548981     
   12.064753875172464       0.54202093644010574     
   14.101208258941739        1.1333310661042661     
 -0.71221304290775400       -2.8482427262378849E-003
   3.5692925664165305       -1.7683389140001331     
  -1.3367788287583129        4.5930891614071658     
   1.5841702165861715        2.8148996311430423     
   2.3100486929170523        1.1398416595969265     
   7.9183028275961869      -0.57353916586623854     
  -1.0147451383421251      -0.57220467992669977     
  -2.1667353535685496        1.0452910105146707     
 -0.66836400706570820        1.4514226958183547     
 -0.88348669800198776        3.2812426498388523     
   1.5472554100160147       0.89527101045814650     
   3.9539333834616235      -0.24045219774244009     
   1.6302099394884808       -1.4475611190254374     
  0.68510878331403646        4.3239898293956660     
   5.4928415129144437       0.23664631399490099     
  -1.5916021037667876        3.0739436691013475     
   3.7305469605144697        2.6061556206737126     
 -0.67487889377570809       -1.1070927935514296     
  0.35034869002476404        10.800430015799613     
   2.8024389360822459       -1.8835220287174841     
  0.45845746192513370        1.2331662294268517     
  -2.0165090095470433        6.5950105002831805     
   9.4085455330788328       0.89110554461670766     
   4.8752342736777194       0.76927532340575233     
  0.13747451222560891        2.3297573027845475     
  -1.4369828422806172        3.8066892501015559     
   6.5703648490675377        1.3382349783743548     
 -0.10709442185983364       -3.0964475175919246E-003
   5.6863269769518467        1.0525623600273679     
   4.2737355736221270        1.2734937404848063     
   2.4692834457324513        10.478470040505115     
  -2.8207386231859369E-002   4.2133078142589175     
   3.7617429911295011      -0.97432492340703991     
   2.3282712237502032        3.3379722562747425     
  -1.6788851854786628      -0.62011617368557115     
 -0.36680864418430137       -1.6577907333015158     
  -4.0336399012465232E-002  -1.0832467175440135     
  -1.1361241850699502        1.9067822846411802     
   6.4597354965092944        4.8156250302888743     
   15.556886383763995      -0.51087249849067740     
   31.570732521851987        1.2869337055857008E-004
 -0.78763215494191863        7.1307764820071604     
   7.4300608471932517       0.96511232900519250     
   2.9970426750317012        1.4212537435592036     
   3.7060042423843003        4.5533310994649501     
  -1.6358641917644969       0.56795244149320001     
  -1.1782113396336120        10.905594322444419     
  -2.4894389944439101       -2.1503616449737932     
 -0.18515483155447635        9.3231998669949263     
  0.59118613788942520       -1.0308215530028164     
   9.5380134709567113        2.6753280996296036     
   1.4178135897523352        4.2696104509011459     
  0.64307782036995798       -2.2578435240776615     
   1.8620045178847309        2.1885699897217368     
   3.4229067529584691        8.7040476545482974     
 -0.72511173162158959       -3.1142020127970369     
  -1.5086217152970165       -1.8551989813760126     
   3.0581667830639558        2.2009951241443471     
  0.46429811231557960        3.6486877709059757     
   7.1543822759205566        5.6176242920917704E-002
  -2.6168235519366259        2.9988994287171575     
   6.1232836054038966      -0.37339846418516909     
  -2.7539231850787722        1.9155207034409758     
   1.8715929348697740        4.9420560357487755     
  0.54950833028052837        5.7464911751791901     
   1.2236794834672873       -3.0645231582437940     
   8.3607953379485735        1.5292180834015461     
   4.3983027355845277       -2.6042689310272857     
  0.98020702328233467        3.1826002108455720     
   2.8130843027609194        6.6982651810649347     
   2.8974461057614675       0.71875931271334170     
 -0.72401255973217027        4.0283924142614067     
   2.0740022289013536       -1.9959773502986717     
   2.0942298800632830        7.5899217831342440     
   5.2995892235324895      -0.54173610478381939     
   11.546045469085607      -0.92640446723710923     
   4.5150526477453310      -0.74968689452354242     
   1.2292580931636112      -0.93613314907554168     
 -0.50821928628383772        2.1250611919635052     
   8.6018455708483472       -1.7734920433743824     
   8.2833838002536453       0.39808558587697856     
  0.10114465184985832        7.4122224638113465     
  -1.0291240153077812        2.5840628600259046     
   18.043724425466152       0.16883995789820438     
  -1.1024877603007477        5.3950366452126506     
  -1.7760904057805695        7.9267156200917643     
   2.3342965197938081       -1.3179715676603838     
   2.1836955594771879        4.1271830031136272     
   13.426686782606655      -0.88293799966868658     
   7.0817557920154623       -2.1158746075262509     
   2.9753109271099780        3.8951498290120377     
 -0.31447423244349559        12.245278849141657     
