   2.7689804203507640       -1.9143446562011903     
   6.1756324108262683        2.8463226076619508     
   3.9521138073045545        7.0964880906006069     
  -1.7055451052099504        7.5067397326132106     
   2.5476218035441081        2.5823654653636323     
  -2.2437485572109388       -1.4705020884422821     
   12.517641784957650      -0.75617453863856365     
   8.8574024982942703        1.8731773596135453     
  0.53622567313973768       0.83797125677134154     
   13.343371848000430       0.16249476691806963     
   6.8286105299651050       -1.5862993794940152     
   1.7163082235667426       -2.7521575730936534     
  0.47778840041799642        18.893677626689751     
  -6.7218537153817204E-002   5.0627479885022817     
   1.3419227955287250       -3.1990509020248066     
   1.2769534514974135       0.16886153859995368     
   1.6834400701540355        11.202338504719210     
   1.4162040961773501        6.6566881379764737     
  -1.5093112741967882        4.8399438144178077     
   1.2345800613523394        6.5755459765684261     
  -1.2517279861473889        11.483497515535918     
  -9.0226163511193835E-002   7.6221057073973224     
   3.7991173701081609      -0.69353639004896239     
   4.0471386693035285        8.4151714820102690     
  -2.7551544544042836        2.2336746552388256     
  -2.2091567492027631       -3.0686572017381688     
 -0.64763396484673130       -2.3121250634162678     
 -0.60536881721930413        8.7714119525689274     
  -1.0522380350110629        5.6996620190243039     
   7.3797269386711051E-002   5.2641538397546643     
   8.6176284551357814        1.0374983790843619     
  -2.5323679017662801      -0.24395080853452811     
 -0.54957481029458766        2.7665513963605930     
   2.4551888382526448       -2.9963965005874948     
   1.0115070304805945E-002   9.6193230213122156     
   5.5857541101937711        1.7906152937548319     
   1.1837205369033184       -3.0510383455159342     
   12.257325559219918       -9.2043174346236628E-002
   2.7169298943639557        6.0163874871357308     
   9.2789335458671580       0.81253216692720454     
   6.4949969031896595        1.5558181158861561     
  0.77269611513715297        17.202866248191437     
   5.2270477808830007        6.4713110963695915     
   6.5091844475021938        5.3875755367182574     
   2.1399446058026177        12.926089266790669     
   2.1032500825798648        9.5159836920826564     
  0.96510627131217619        1.2168332038121907     
   2.0379220998536445       -3.4952782449066717     
   13.603418889929348        1.1185104411522051     
   1.7290829887853825        9.5906657548997050     
  0.60835991055559280        9.1241083970004553     
   3.7605599113693646      -0.18771962303914069     
 -0.27599756521847008      -0.86540204286345013     
  -1.3766604139868710        4.9355161612296703     
  -7.1123295904919281E-002   6.3493651483656528     
  -1.4734053666739078        9.4425605442132721     
 -0.54894870473302504        7.2713459749174678     
 -0.78088350512077920       -1.1741795952446257     
   8.1842179023402828       -1.5856464187704415     
   3.2863080513109564        8.5440907396556014     
   7.7877720451915087        1.1159744865777643     
  -2.0345232410102216        7.5126708265469819     
  -1.7480921501320679        10.718718413177497     
   9.6626094099571631       0.17763065710047288     
 -0.97899322525980859        4.6776360459216910     
   6.6010725407255615        2.4190513878431155     
   3.5156876366508980        2.4476103816966059     
   2.9485377356389026        4.3261026066254953     
 -0.94352229098030904        1.7654396891171467     
 -0.24784022615437973        13.148159162420139     
  -1.9244882207586107       -3.0336357007108408     
  -2.1073188383322723        6.1933848129033233     
   3.1220608141118733        3.5833150632529884     
   10.167456965891610        1.6610303267587545     
  0.72932017993562859        6.1138258248255912     
 -0.69249690399366393        1.0384209957134301     
  -1.2546440199379187       -2.0397290218473696     
   11.215185296604474       -1.2594674653695201     
   5.0449488507999058        1.4399587337203457     
   12.772561573448055       -1.3089160347588025     
   8.6522137501666201       -1.0922335398765846     
   4.7101094397533005        7.3766810741483084     
   8.5953411529871389        1.4089334587046558     
  -1.0428771404210830       0.60954137808252273     
  -2.3902103469688787        7.1494680338861798     
  -1.2177542227897709      -0.37796576484985112     
   3.1901226646465126      -0.38642855963382550     
   5.2641914843217625        1.9879705878519101     
   4.9849860480759469        5.6922792624486114     
  -2.0952691753571724       -2.3107102608429058     
  -2.0152962060604063        5.3781545194904954     
   6.6324285855003504        4.4853691918293919     
 -0.36558718981346816      -0.38065688455716939     
   1.6088527523403222       -2.3698425172456155     
  -1.5372578619066408        6.2092349288093445     
   5.9742041938816195        1.3467146175302851     
  -1.6329730382005758        3.9230925826170271     
  0.26599379913814447        7.2908978209933295     
   1.7852721879304889        1.3001819133416959     
   5.6382069420730980       -1.8276163780587678     
  0.37606794238765762        14.502274693199375     
   6.3541327956032267        3.7622253923732041     
 -0.35832939388065821        3.5527353280120177     
   1.8547602678038886        1.7642069085993002     
 -0.93611314187978723        6.2914567921838813     
   12.877716963779509        1.8940974388157281     
   7.3262064023248756        2.7811394092703461     
 -0.26382851485565917        9.3150070901550936     
   1.1362012323320636        15.985126239503170     
   2.7835465978193401        9.1000846267530733     
   1.8357757758797097        6.8756146446459017     
   8.3707976231703682      -0.56825786310887727     
   2.2643244877786772        10.685332943686404     
   13.037872889257727      -0.60969167952778136     
  -1.8061398957190040        3.1242720847446508     
   2.7835803723933719      -0.52593092569594102     
   8.5555372906491165        1.5869926094587283     
   6.3005862930736756       -1.5109516366654079     
  -1.4532766095627416      -0.62214923065324923     
   1.7063018979903939        6.6966206180061043     
  0.90759052120436934       0.66070621990322653     
   11.627292942602061        1.2893473265367383E-002
   9.0479875698708554      -0.13439060340015585     
   4.5561324869416655        5.3669834675075627     
   2.0450772048723760       -2.2393425177698014     
   11.742361853484756        1.1834674252130801     
  0.89692201958224338        1.7580058402097327     
 -0.85716455755241494        1.0833829651879983     
 -0.77500137607713826        14.339940562349401     
 -0.22451406731465351       0.72788587790452297     
 -0.40045887063025365        15.027642774102983     
  -1.0653015210222279       -3.0946936588286023     
   6.3906589679598076      -0.18579605316598391     
 -0.77289720646788451        3.8667939759620076     
   12.977689752366885       0.90390725872368538     
   6.3449519968577883       -2.6587456220917884     
   8.6669169157677040        2.2002415216710265     
   12.290166811262807       0.52862772179850115     
  -1.6443208652419155        1.6824284647380434     
  -2.0934943254783240        5.6070940807576335     
   9.4954220462523722       -1.9946142413284564     
   8.3838468399345611       -1.7915501071193884     
 -0.51980001911424711       -2.1061190933054341     
 -0.47283242976107331        14.519146134284679     
   1.1648101064401599        12.156154373513763     
  0.57799083708037946        13.091864306254269     
 -0.82954894964494841        7.0273517469544959     
   5.4730804527710015        2.3180377000831083     
   4.2449339511367956        5.6202175449564713     
   2.0406742796864856        12.818137538147289     
   2.3126811128146132        2.3074848084223554E-002
  -6.1090557024781944E-002   15.824507395593205     
   5.3920887030816802       -1.0793390387057986     
   3.4837121383798202       -2.7798518708457136     
  0.96750869510170112        7.6077833028188149     
 -0.51627423170787301        2.7683065785035108     
 -0.66709436521638743        2.1354082638567151     
   11.877824779280802       -1.1363613317787442     
   8.8268744861175215       0.57854030064469075     
   6.7367227363443396       -1.1944457738635257     
  -2.1318484738647627       -2.6422608030823165     
 -0.41102166637480275        11.893355136816016     
   12.329383499135901        1.0338278751850583     
  -2.0606074368188856        7.8392961910219174     
   4.3578130150905059        6.5250842649610981     
  -1.7568918552217030        7.7222240762588452     
   5.6341057741859570        6.5130848006483948     
   7.7941427704750810      -0.64573749796401403     
  -1.2765230753669266        11.648404841253624     
  -3.1501126319616741        1.1013051295587335     
   5.9271458751403374        2.1309514441314050     
   7.1472135757761590        4.6168962065089012     
   2.8963504276812255        4.1947480711490588     
   11.751489292973275        1.0254020247536255     
   3.9867658359933502        7.0657695854852420     
  -1.5786775863167453        9.7357998957163563     
  0.14930151954571391        13.487762804658871     
  -1.2790995871865518      -0.96194600182117540     
   11.393699680411471      -0.29449737587174746     
 -0.52022768451542056        10.849102687694554     
   6.2227947130824051        1.1956677080714231     
  0.54465837735635692        5.0359118080741219     
   5.9402467839958275        5.8004022341854924     
 -0.87996438642722175        14.509250205670453     
  0.60474297425917101       -2.8724582985948297     
  -5.5592865214738829E-002   5.8589347670628822     
  0.32186542185572531        16.931844956973809     
   1.5346078594122545        11.086422258173759     
   4.5536200436056822       -1.5004358728683451     
   10.492403121757530       -1.7797773193476856     
  0.29308238805817499        19.328769385164943     
   1.4392962044163697        13.462828497337863     
   7.7026941539572240        1.4678347579989852     
  -1.1810486008097301        7.8857393360178207     
 -0.86033749922658709        16.154841105610970     
   11.352885613888855      -0.31504021291082163     
   5.7371568297469286        3.1114392224847620     
   1.7249452559184419        12.470438174609203     
   11.691413121689642        1.6294368790680513     
 -0.32970183007588671        6.1706742845945399     
   6.6979671253204947        1.0206834623962244     
  0.66769578537769192        8.4421398350025427     
  0.23209059023792511        8.2840950991062314     
   8.5507232553927466       0.19640326146168752     
   8.7683600000915582       0.77919845753630934     
   5.9726468982595167       0.84450043959943155     
   4.3657388096839256       -2.5653931627203361     
  0.51168394680840645       -1.6315078415548285     
   5.4833952996912405       0.81077658808867958     
   9.1191016007706942        1.3901329271331253     
   4.9611125151244737       0.67755312436167703     
 -0.50377499074308441        13.068685848914736     
   8.4264353359807345      -0.23274509488963213     
   1.7532390300893423        1.4235810258403856     
 -0.38242474323797149        4.1371942514397819     
   2.1428702723576185        2.1638999914129551     
   6.2586664555835538       -2.0179743831591530     
   7.6920969523785656        4.4942832874935359     
   3.1070212702200664        6.9833681379460479     
   6.9820792970213743        4.6710973867133916     
   3.9005118038921172       -2.9246724098718384     
   1.4616602977319770        4.6182756506066323     
   1.0712779762943789        5.9184288232733326     
   2.0883815358198277E-002  -2.9664126430889235     
 -0.22076221023336595       0.19440726970567423     
   1.4228710203690857        13.859154908645841     
   8.6721012417313048        1.8873887492569343     
   1.4481873156549350        4.8430699683020837     
 -0.20990617550832491        14.729938653147823     
   3.0869111225706165        3.6996495219577437     
   8.7295712696409495      -0.72677558682616095     
   1.9409830154286114       -2.0673778615715785     
   2.8046200101075147        6.7576558457295128     
  0.75581427491002540       -2.9965952709957726     
   7.4730098994243308      -0.71379719988548773     
   7.3960818104194610       -1.3147750423714131     
  -2.8410112621537476E-002   14.254239344386310     
 -0.26459084136427125      -0.68310960936683074     
   8.9147084666409206       0.98933349768938150     
   1.2464671889427903        9.6011650667067912     
  -1.3927407759370849      -0.81081279422493902     
  -2.3701877175481672        2.9172351187739425     
  0.24995302159423449        19.413049505087301     
 -0.22691569742555817        17.061861511036842     
   4.5054794794622461        3.1907136391482780     
  -3.0531860701879969        1.3911286546783392     
   6.1954334744357746        4.3273324104782578     
   7.2824755737629490      -0.28033409755956273     
  0.43172039464466327        12.254784889165292     
   1.1742040237094082       -1.5818956551775463     
   1.7919296168810328        4.5233836317549185     
  0.36787489243726190        4.5840458789432201     
   5.4428452164925565        5.6592278879767477     
   8.4530699417162545      -0.52641153989111489     
   3.7867425014823057        1.8579031729652684     
 -0.53834280546070090        14.474502381732233     
  0.38221398213342672        2.6464142373882025     
   1.6308381201753395        5.7546712152425359     
   11.820949502500600       0.65644268442373566     
   1.5566163190043021       -8.5161359482795795E-002
   1.6782148115595534        7.1100270831353090     
   2.0291568682379539        9.1458587201278636     
 -0.50444061556172404       0.61054058877564543     
   3.2568479415922544       -1.3232745292073758     
   5.0176751735069844       -1.1519678102120188     
   6.1095744410163446        3.6434181752584518     
   13.394829397654870      -0.94435412065395319     
  0.85724375363491934       -2.4399205615085950     
   1.3002614663902570        7.6206924181832161     
 -0.43571742078734488        3.9587213234031857     
   10.763881832959601        1.7680080459519427     
   4.4272295283703249        2.9620855947264384     
   4.5264811475437687       -1.6746200705159304     
  0.98532891567294101       -1.6382470885217075     
   7.4922637049864189        3.0205288390643368     
  0.93602125338905218       -2.0197400014925533     
   13.405461408431158        1.5068380947709228     
   1.9525234814755850        11.430193831004557     
   10.149449645685063      -0.15558723020454002     
   4.3759844480120940       0.12452721384147303     
   2.9588612861924490        7.2888243203082244     
   1.9444701273576861       -3.1269748938005550     
 -0.90107753299124393        11.777345569443955     
   4.9050752098566193       -2.6146272068388132     
  0.71201172052704109        10.831228022051084     
   8.9241652795314792        3.0945031583248062     
   9.0295563776853527        1.4551002694168886     
 -0.38971021019226315        2.2593505545807524     
  -1.6179411250829776        1.0342140337486494     
   5.8423908898493968        3.5566081348625191     
  -1.5459796361265046        11.309691187787426     
   7.9711557134626334        3.7614381907188097     
   1.7744624070288539      -0.33099843412201696     
   4.0718088789016953        4.6950865802895301     
   3.7434678170246927        8.5535427167800098     
   4.0481998852350332       0.93500467927173947     
  -1.2674323415700273        9.3650466504758203     
   3.7204151510806112        8.0321778002934874     
   8.0413310742200821       0.62558433085264742     
   1.0108606512391258      -0.36902432958640707     
  -2.7597299389417818        3.2419856065965504     
   10.122488659716208       -1.7621271355429282     
   2.5969942575200173        7.8171448466273219     
  -1.2344406458961221        12.029960144548259     
  -2.3147273090723606        2.5204592253346911     
   4.5776213987315462       -2.9540197533232222     
   1.8171527072478293        7.0216727701689923     
   6.6261583114540743        3.8642596223342007     
  0.26675170125785419        16.227295626609852     
  0.26827075223087338        13.384044587649583     
   3.7844506676766825        4.2120601616059119     
   13.589045885136553        9.9890521755925388E-002
   1.1535833984795572        4.7645775537992598     
   5.0543531971972486        1.4783315458764843     
 -0.92467606869764474        16.064145021129743     
  0.50283595186700003      -0.44082923279912878     
   1.0889216743005061        5.1704258559901746     
  0.46069113417389751       -2.5113095496757989     
  -2.0284421802387183      -0.67647540046658472     
  -1.2772199409090772        2.7788898196377096     
   1.1844482867098076        10.155239549562197     
   4.4925756037304430        2.2806053351878290     
   2.4121852978224778        2.9854614621872697     
   7.8744614518231648        1.3511508895954032     
  -2.1137403768518581        6.5979023037963263     
   2.1923827826485276E-002   15.460839438463701     
   4.1178908349052508       -1.4243565436841874     
   9.0936925000238276       -1.6205810362925717     
   13.344259839566661       0.42390281397871821     
  -1.0301913048270510      -0.89957330065206031     
  -2.1328220756941718        3.2945986987909697     
   13.066192453176765      -0.99515461918308779     
   3.5855410872893509        3.3271427276367627     
  -1.9470536734018613       0.31482485760032075     
   1.3381515779388504        9.6874177453949439     
  -2.0195598623276956        6.3374431887164224     
  0.37206725503540705        18.009701390938645     
   1.7211577162635212       0.61322937361115759     
  0.56530734054522647        17.655304444650529     
 -0.35323220915517073        17.385187419424646     
   1.6958031720047861        9.7246478543500530     
 -0.37247633849265194      -0.71330232031486274     
  -1.4010755614097949        7.3070047909779881     
   7.6144476665436125       0.72398952812924744     
  0.30869251469340897        1.8545640845856841     
   1.2833030333247679        3.9599769163605849     
   6.7341494597106566      -0.53986558967803600     
   1.6192393588076535        1.4355685915660035     
  -1.0548950248336793        1.7196881406775892     
   4.9862705551506119       -1.9934847604590726     
  0.49282751035244132        10.544310521902753     
  0.68197706529416857        1.3754923441231401     
  -2.1546033161785338      -0.95160673784258387     
   5.1879406764658684        1.7408122109333526     
   6.8822987435633509       -2.3024814358152494     
  -2.4372687096087886        5.5170801536512233     
   1.4625104431983349        7.4292116926092842     
 -0.57973733386487591        9.8091128445686770     
   6.1461964321076321        1.8487506219694696     
  -1.9712959418011256       0.96223089419378827     
   2.5390995123718554       0.82361493635161764     
   12.601141271447894      -0.67794550743073723     
   4.9802424421812530        3.8213709216501819     
 -0.29657691398318864        9.0497586808140351     
   1.9159171344093897        8.1315480311226409     
   3.8907441087725969      -0.35591150359782509     
  0.64462317059587582        4.1286085401263204     
 -0.26483365022398919        9.4182233405225180     
   11.295394507561472      -0.19043874603768796     
   5.9389692755255306        2.1808350227633362     
   4.5706370620830299        2.2567711597234963     
  -3.2023363854067854        1.3847141591370908     
   3.7075973945057870        7.2391325235847894     
  -1.2987046417487935        6.4602176145547414     
   2.1485004372502550        8.9882887130546010     
   3.7679059513418895        6.1404683702341245     
  0.69917938703501847       -3.6033453997011482     
   11.221250758001364      -0.54454672650519598     
   12.333119105459840       -1.0761648678069862     
  0.88806557793892349        7.4790820182150988     
 -0.67573984248093799        7.7582680443264209     
   1.2011887365286151        7.2354418898539024     
   12.487863231702612       0.17529421299085524     
   13.401118093364618       0.99229818451657548     
   11.458897847268972      -0.14589200337139285     
  -2.2616977123249806        4.0826506217982361     
  0.23807803763816082        18.416055581503382     
   9.7646421687776339        2.7556881904046442     
  -2.2450608610386968        5.7429576264071542     
  -1.3866949125595263        2.5777544407670874     
   1.4346806192460733        9.0109957847755044     
   1.6122612951028623       -2.6928456255178355     
   2.7441981391147596        10.656905190764464     
   1.8338741549887780        14.118750706435847     
   3.5505610759555566       -2.0776206479441655     
   4.5940115467779181       0.83523454263588492     
  0.28638217251160958       -1.6583355028120081     
   5.8081512192505986        5.3291038041391241     
 -0.46907660473497925       -1.1663799468843550E-002
   1.5899847407036329        9.0251903951488703     
