   7.4011353654933290E-002
   7.8086662569431961E-002
   7.9030417791969260E-002
   3.7803813473583484E-002
   6.2355889741823274E-002
   2.8939084442078371E-002
   6.8006588753884434E-002
   2.6145883201494264E-002
   5.6814411513697441E-002
   5.8910119358615225E-002
   2.9631450678504645E-002
   7.4014791341709102E-002
   5.4505278389115036E-002
   3.8904955293838805E-002
   7.4049969775096064E-002
   6.1378300619822725E-002
   5.8076784725126687E-002
   7.4337341554026271E-002
   3.8083559386728354E-002
   5.4055108061942796E-002
   5.5413820587080859E-002
   7.5790154118382497E-002
   6.2237636066594264E-002
   7.7618469869965387E-002
   6.8677251242720921E-002
   5.6987623057891450E-002
   3.7867186856592530E-002
   5.8312453536250627E-002
   7.9858998336430731E-002
   5.2618132766638237E-002
   7.3412311497130442E-002
   7.3845525723156891E-002
   5.7233857629184433E-002
   2.8387965665815539E-002
   6.9779577709674551E-002
   7.8859163427428672E-002
   7.3297692841338830E-002
   2.7012164262507198E-002
   7.7429112619489454E-002
   7.6637035286658550E-002
   2.0289858025080935E-002
   6.5070757109696051E-002
   5.4541156003714189E-002
   5.2439715582124645E-002
   3.1607552108889242E-002
   7.1540969789580425E-002
   7.8740162985974166E-002
   7.8603693854003745E-002
   5.0520419927122882E-002
   8.8766208671756830E-002
   3.3238196966286389E-002
   6.1481708627994770E-002
   2.0067005524562004E-002
   2.7885964590393053E-002
   8.0344718918784960E-002
   6.4152915167367403E-002
   6.9618286003228863E-002
   6.2253948893593890E-002
   4.4211089540778570E-002
   3.5753635453873597E-002
   5.6240900346900817E-002
   5.7508617252896611E-002
   6.4592861686500816E-002
   6.3722918349184601E-002
   4.9625542714472240E-002
   3.8335335003432051E-002
   7.7856578170165211E-002
   7.8740162985974166E-002
   6.4307643912372536E-002
   8.4573309953808420E-002
   7.6508008152407270E-002
   7.0036332723528827E-002
   6.7585382920092543E-002
   5.3703138563907196E-002
   6.6954929127536311E-002
   6.0852261921259219E-002
   8.8766208671756830E-002
   4.6830747903648696E-002
   2.5384414911585083E-002
   6.9694421598370887E-002
   4.3197381349174092E-002
   8.1880865901887492E-002
   7.0211560125381614E-002
   6.1590716654461593E-002
   7.6878568585313098E-002
   8.1607883178340224E-002
   5.4381552480195439E-002
   8.1643928028841892E-002
   5.2776211709018001E-002
   8.1161827160375191E-002
   3.6924238081329414E-002
   3.1056137966491655E-002
   6.5431656797981214E-002
   1.8742468616873727E-002
   6.2253948893593890E-002
   2.8951229742752382E-002
   6.8712653257363754E-002
   1.9510521388391582E-002
   3.6983347879691673E-002
   7.8761565897370753E-002
   6.6815421618283480E-002
   4.5670007211561316E-002
   3.7425476411083111E-002
   8.7417518099397601E-002
   3.9652662010772284E-002
   7.8873711993318663E-002
   6.6849234421057432E-002
   7.7339010413762427E-002
   7.6281394718080722E-002
   6.6887808655415784E-002
   4.9410508503022359E-002
   4.0155750200473794E-002
   5.1459932348627752E-002
   6.1234066124609715E-002
   4.1989246127891587E-002
   5.4870853687942596E-002
   5.8449365208581169E-002
   3.3089576588389992E-002
   7.9453803835668316E-002
   7.8859163427428672E-002
   4.3172313894539467E-002
   7.8397519631775520E-002
   7.5790154118382497E-002
   6.8006588753884434E-002
   7.8086662569431961E-002
   7.2688809304719895E-002
   6.5639359360553221E-002
   5.2019772673976568E-002
   7.5605045170617530E-002
   2.0698590621835017E-002
   5.0827212016202654E-002
   2.8340587718107220E-002
   2.1303357854287257E-002
   3.9656997381405795E-002
   8.3386009192169055E-002
   5.3324988783079626E-002
   5.1673255012903430E-002
   6.3478037821049785E-002
   5.2714618602083735E-002
   7.3146470146230838E-002
   5.6482313958389797E-002
   6.6837057012236190E-002
   4.6176386132544329E-002
   8.2304972190079609E-002
   6.4191448934516365E-002
   5.8314937528425148E-002
   1.8625117666742175E-002
   8.0977796589934647E-002
   8.1607883178340224E-002
   8.1880865901887492E-002
   6.8413129833580277E-002
   4.4303008099957790E-002
   8.3472584441912578E-002
   6.7166387590067836E-002
   3.8320810956083619E-002
   1.9854877558306575E-002
   7.3947761212220811E-002
   7.5664142505216608E-002
   5.5334639401830185E-002
   5.6160010143741342E-002
   7.1172364171981459E-002
   5.4432345176526502E-002
   7.4223795315470215E-002
   7.0973965833434710E-002
   7.6600226244697658E-002
   7.8494075149760117E-002
   1.7571788503498300E-002
   4.9252148724659876E-002
   1.9220849905160344E-002
   8.6417384079195886E-002
   7.5329720988458540E-002
   2.6586021915642175E-002
   7.8823294963839913E-002
   2.8177500397237123E-002
   8.2425628125127867E-002
   4.7638754435526884E-002
   7.8761565897370753E-002
   1.9903704469378791E-002
   7.4523692018363341E-002
   5.1470610749397468E-002
   5.4048812529666458E-002
   4.4470226615763338E-002
   7.0267153174679034E-002
   4.6795655579039828E-002
   2.0811685288948036E-002
   6.4620075331413881E-002
   5.1908573895173032E-002
   3.6983392116042041E-002
   8.4573309953808420E-002
   7.4945062322945885E-002
   1.8958075247780717E-002
   7.3419330801283503E-002
   7.9824679802064147E-002
   6.0015974185042974E-002
   5.2518149579255977E-002
   6.2470026057558171E-002
   5.2913133816418899E-002
   7.7019276456469263E-002
   6.2120394793196546E-002
   7.9858998336430731E-002
