  -14080.653965742858     
  -10735.021948878008     
  -10356.137724495173     
  -7413.5231718833438     
  -7011.4706689434688     
  -6707.0461583984697     
  -4031.3290365901230     
  -3688.3248869364584     
  -3361.8410919701773     
  -3062.0915980618847     
  -547.56326767601661     
  -302.95505777166716     
  -35.738207587180383     
   284.05147074832172     
   630.73285210661618     
   3035.8251474300055     
   3184.2104798688752     
   3356.6740110304991     
   3609.1685535054289     
   3974.9305171926785     
   4399.2868126244366     
   6678.5429470829067     
   6789.8175712817192     
   6887.5919865484702     
   7014.6591199622972     
   7309.6195596628459     
   7752.6894605281068     
   8280.6209894380245     
   10425.481926647290     
   10489.484672744227     
   10602.328447873220     
   10713.841626972333     
   10789.267874632280     
   11175.304942273793     
   11733.870744167374     
   12426.917721799220     
   14219.141077437473     
   14254.789507389934     
   14557.435411667742     
   14638.300614800897     
   14908.566671779552     
   15070.060855975251     
   15419.878455929964     
   16196.914796926203     
   17125.732073713985     
   18052.276250086299     
   18104.558878052405     
   18719.262974380752     
   18810.805864921997     
   19443.861389433412     
   19648.358867400679     
   20206.598210522461     
   20346.528535969373     
   21446.317944681159     
   21990.119034942189     
   22146.974200239409     
   22686.628243305131     
   23090.513501468031     
   23402.058683400865     
   24319.136829258885     
   24654.558290069355     
   25510.684994843101     
   25903.339405021215     
   26144.142650419224     
   26346.397856200634     
   26801.865831552492     
   27647.967011532339     
   27879.686797319759     
   28438.176160123498     
   29262.505241978848     
   29469.457714455773     
   30338.313005760501     
   30880.425942376158     
   31248.402813349112     
   31590.290736699520     
   31794.647203438730     
   33295.843574171107     
   33345.563906361283     
   33583.713552940826     
   34158.980379761430     
   34888.850982474731     
   35458.500519672307     
   36191.571489243630     
   36540.909748456295     
   36820.842426605988     
   37348.613175042949     
   38335.439953385074     
   39004.221598980628     
   39725.635046938158     
   40367.714138622396     
   40719.637525022052     
   41332.591898731393     
   41865.076906331917     
   42326.682713553586     
   42906.469640677285     
   43650.127073104719     
   44132.226063644877     
   44854.167518555842     
   45384.857082227762     
   46004.154588351317     
   47219.098290746253     
   47624.491132809868     
   48282.317491319969     
   49056.875248377539     
   49124.538759049319     
   50353.533073131017     
   50853.157541701155     
   51936.145633474705     
   51981.959449066453     
   52855.079498394596     
   53325.539888946027     
   54780.916512004944     
   55394.091531959246     
   55656.505185200811     
   56653.826579752662     
   57068.000808900069     
   57907.295013476025     
   58238.728123333618     
   59749.079236764999     
   60316.385846275414     
   61346.337880183833     
   61989.129460785705     
   63244.175124898356     
   63469.048674560974     
   64548.332313787345     
   65094.940223820347     
   65748.368924642549     
   66061.024400011724     
   66906.075732964993     
   68449.559342085005     
   69282.582424265711     
   69936.046883698364     
   70336.708787706826     
   71750.819849437714     
   72874.772199717467     
   73519.713631224033     
   74599.754923359316     
   75473.076463992911     
   77093.232618872993     
   77251.302911902007     
   78139.266077014239     
   78170.912704691596     
   79888.115041395897     
   81318.744561511558     
   81385.380018067532     
   83088.521138007840     
   83634.954428764147     
   84192.341805453136     
   86157.604629297595     
   86516.677542809193     
   88217.433623556208     
   89410.713204530053     
   89617.293730137622     
   91021.782834015801     
   91494.234947254823     
   92346.627585560418     
   93815.749282490258     
   95182.542933604374     
   96460.922444957760     
   96647.585196445420     
   98892.214358433164     
   100411.48390695400     
   101441.58612302339     
   102580.58753825522     
   103346.97791441694     
   103748.03044364466     
   105948.38562615344     
   107615.09875617349     
   108317.65377997662     
   109973.89972007902     
   111390.85239491239     
   112478.52070418952     
   113025.36934498705     
   114540.79835579488     
   117042.73078720509     
   118934.32260374720     
   120389.96816538239     
   121691.39091515928     
   123832.39822033737     
   124735.48263997620     
   126222.36336619429     
   127945.00457853614     
   128229.59919204183     
   132059.69981713424     
   133923.69153673787     
   136611.29679442826     
   137708.34406732942     
   140490.65700606396     
   141495.04209253797     
   144815.33853730862     
   145219.89481436045     
   149710.57294506000     
   152165.56130471436     
   153249.80267415894     
   156782.57880668674     
   160074.24302971779     
   160616.44173151697     
   166672.41668207903     
   174891.53231497787     
   178088.62819749885     
