  -14278.562056016546     
  -10956.965730857115     
  -10576.598337607575     
  -7678.6524404053789     
  -7263.4422613233801     
  -6968.0683452741687     
  -4361.1001623858865     
  -3993.2160261313979     
  -3663.4457589664271     
  -3386.8061093460874     
  -970.76401555640246     
  -691.87312810570324     
  -406.53180829970933     
  -94.943723859828737     
   209.74140403567756     
   2493.5740619417456     
   2673.3226136889880     
   2881.1159156002750     
   3146.0415296851975     
   3488.6790848514206     
   3851.9162892048585     
   6049.2313451446862     
   6148.8259929675023     
   6261.9312815901485     
   6442.3671608006225     
   6738.0719885293975     
   7152.7679417525314     
   7612.7796531729155     
   9771.4508168523025     
   9828.5005018885677     
   9890.5921992537678     
   9942.7118706619240     
   10113.801940680954     
   10510.021154295331     
   11066.822957694274     
   11714.656021245512     
   13498.257029910963     
   13536.545402288799     
   13800.569249049444     
   13890.212213871306     
   14194.134023442673     
   14338.582902918552     
   14726.571516833445     
   15542.192819348511     
   16456.660199684073     
   17261.390945023588     
   17328.077439008404     
   17939.778286839737     
   18070.615681038067     
   18730.172543919431     
   18952.792440154029     
   19571.264743624248     
   19696.217385714877     
   20857.096235226942     
   21160.589107328873     
   21343.562640703396     
   22087.626466614245     
   22310.818176295503     
   22677.176233154281     
   23630.748879223094     
   23964.477084114267     
   24889.576981932783     
   25210.819933838869     
   25477.481658308610     
   25596.483185474852     
   26177.687005771495     
   27070.091469527011     
   27184.940144817298     
   27726.458230113622     
   28729.007233816315     
   28765.345247384455     
   29738.944190214868     
   30091.554211211114     
   30518.532396484836     
   30958.447763712080     
   31209.810884056176     
   32641.349486032836     
   32784.293751833786     
   33116.515358903220     
   33491.449084289350     
   34361.071301320117     
   34803.805583644986     
   35583.746340800535     
   35851.884927502571     
   36293.965629282415     
   36788.878991938342     
   37761.087645832216     
   38505.549565871072     
   39078.798854515015     
   39834.112190292872     
   40162.227897789402     
   40830.299687238556     
   41395.410195205695     
   41689.081705051867     
   42463.423263081721     
   43100.696709739022     
   43628.723504912334     
   44354.878105433250     
   44911.203184231839     
   45537.017699556498     
   46691.671831201311     
   47171.584725011839     
   47837.659635311524     
   48551.695800887130     
   48702.906513879730     
   49887.241241450749     
   50461.818302094587     
   51493.692611419436     
   51575.725485033821     
   52429.587239070272     
   52933.723644769707     
   54355.946063393989     
   55025.166658511007     
   55247.124852831264     
   56277.402152203693     
   56684.901175020561     
   57494.930287523690     
   57820.189984734126     
   59299.292495723974     
   59967.275225494057     
   61008.545204887800     
   61630.221360693802     
   62892.922984552977     
   63136.489469842840     
   64228.178366707725     
   64743.022259519981     
   65298.928767059333     
   65700.604869268922     
   66525.018526396234     
   68148.739925661328     
   68882.434788781582     
   69599.112615807768     
   69990.049492992403     
   71404.851482117680     
   72579.316987224665     
   73136.990212770863     
   74301.832202107151     
   75102.610251294405     
   76774.098939697229     
   76956.195971841153     
   77782.645094049498     
   77848.776088392260     
   79594.686162375248     
   80942.511252965807     
   81050.456519022395     
   82744.956023983133     
   83301.877308747004     
   83858.198576912648     
   85771.689724204232     
   86160.685546962253     
   87865.531625535616     
   89120.360255111867     
   89259.082473394155     
   90652.443777807333     
   91134.556023328812     
   92044.374658161818     
   93530.068584340697     
   94736.685243207350     
   96147.061049755561     
   96322.384889240988     
   98508.493362867506     
   99977.687499887237     
   101126.03686064084     
   102174.65592671841     
   102927.20924704292     
   103393.33118201437     
   105531.79478885063     
   107102.80451193753     
   107966.47534305061     
   109641.08275629625     
   111072.66329375260     
   112058.22143715269     
   112659.83826500757     
   114149.67630104833     
   116604.94668627110     
   118587.48539718679     
   120122.91207072325     
   121382.26077564571     
   123439.95355305415     
   124389.61454848023     
   125690.64560843297     
   127529.28100835877     
   127910.02554669764     
   131786.65689274663     
   133488.41254028017     
   136195.42346565932     
   137251.50190350448     
   140109.18355968135     
   141071.52298705722     
   144457.61445314085     
   144927.07429220673     
   149323.69805110677     
   151798.47210947206     
   152902.50637608086     
   156392.07939347115     
   159618.13880098221     
   160276.89873684908     
   166291.43234030218     
   174173.14903084317     
   177723.13693675783     
