  -14080.286236904840     
  -10734.573723165948     
  -10355.677792843644     
  -7412.9389506876951     
  -7010.8813132584219     
  -6706.4259110939256     
  -4030.5198501557493     
  -3687.5260363913485     
  -3361.0207791372222     
  -3061.1926170912502     
  -546.36267398922860     
  -301.78062422605069     
  -34.572002479117145     
   285.28577254993860     
   632.14816386971233     
   3037.6787827324756     
   3186.0025457190272     
   3358.4030946669800     
   3610.9154475672967     
   3976.8499239359462     
   4401.5700016499686     
   6681.1888317612356     
   6792.2141370514018     
   6890.0865379407414     
   7017.0277006556671     
   7312.1046406794985     
   7755.4418308744725     
   8283.9488748351396     
   10428.390638243614     
   10492.232617848456     
   10605.166486829838     
   10716.912433111953     
   10792.299939792341     
   11178.455278368168     
   11737.137976887152     
   12430.790342747652     
   14222.305560816094     
   14257.864891641620     
   14560.636263360544     
   14641.361185953063     
   14911.663481721820     
   15072.941549586476     
   15423.186507174725     
   16200.018953184219     
   17129.330688288806     
   18055.861676978737     
   18107.972142038368     
   18722.560129132580     
   18813.907401641311     
   19446.635991609422     
   19651.169713913412     
   20208.951359227576     
   20349.362147005158     
   21448.929824078576     
   21993.904911853206     
   22150.606115784583     
   22689.657151563631     
   23093.701041854427     
   23404.985360611954     
   24321.733854915077     
   24657.178032574757     
   25512.948177138031     
   25906.157844220495     
   26147.009758880413     
   26349.618491228874     
   26804.333432213221     
   27650.160321301435     
   27882.712955271982     
   28440.873613885502     
   29264.968779271745     
   29472.043989766506     
   30340.550163843163     
   30883.830990686820     
   31251.139840164826     
   31592.553519545632     
   31797.112131761300     
   33297.848267461573     
   33348.056501008134     
   33585.302172759191     
   34161.126092153092     
   34890.847238550574     
   35460.702364705110     
   36193.627566807867     
   36543.540218186274     
   36822.857888197155     
   37350.595661617437     
   38337.091226379831     
   39006.082481358171     
   39727.727221303445     
   40369.400758408578     
   40721.383410341601     
   41334.087104963255     
   41866.778703477306     
   42328.653993370208     
   42907.852990392581     
   43651.687483204943     
   44134.075952259023     
   44855.757256227909     
   45386.351938227272     
   46006.087536006424     
   47220.821530476598     
   47625.793044237602     
   48283.649610127090     
   49058.483373397059     
   49126.014327232733     
   50354.944160718653     
   50854.439312087874     
   51937.588042498894     
   51983.407696103721     
   52856.276847651330     
   53326.833514579426     
   54782.257391851861     
   55395.408765147949     
   55657.792291841812     
   56655.192413132034     
   57069.237667581569     
   57908.491626888899     
   58239.923108437833     
   59750.638111651104     
   60317.473286845227     
   61347.457946448725     
   61990.239941507643     
   63245.165153272479     
   63470.095260468755     
   64549.425093985570     
   65096.149763458161     
   65749.453042870286     
   66062.152700050618     
   66907.220289345991     
   68450.511044347164     
   69283.725965130056     
   69937.108535015926     
   70337.653762541770     
   71751.744887811918     
   72875.832033922808     
   73520.716076773519     
   74600.867291437156     
   75474.031505031890     
   77094.317944448660     
   77252.133637823194     
   78140.141784760621     
   78172.062360334414     
   79889.045817687744     
   81319.640295886813     
   81386.547769629222     
   83089.629071925301     
   83635.900943681190     
   84193.354190386322     
   86159.074705629566     
   86517.724715831006     
   88218.536806026998     
   89411.531827300118     
   89618.579606169951     
   91023.034296354526     
   91495.537187624781     
   92347.751383828916     
   93816.662190505100     
   95184.101448162575     
   96462.332767442640     
   96648.712870805088     
   98893.292396039862     
   100413.16731669100     
   101442.83009472171     
   102581.79044517566     
   103348.72635836901     
   103749.39029162347     
   105949.92962436113     
   107617.28495746116     
   108319.14728389640     
   109974.93437873633     
   111391.84026261047     
   112480.16049456618     
   113026.65909817518     
   114542.38290852292     
   117044.81384089059     
   118935.70148238324     
   120390.80833884193     
   121692.49866562268     
   123834.24866803564     
   124736.79833815875     
   126224.53505519236     
   127946.75090594371     
   128231.15746780156     
   132060.62565143441     
   133925.74179604623     
   136612.82894698271     
   137710.50883737535     
   140492.17788352713     
   141496.98788321682     
   144816.48832409241     
   145221.06007289785     
   149712.14435333153     
   152167.16172562845     
   153251.42754767922     
   156784.19724557569     
   160076.54291372962     
   160617.76165941142     
   166674.45929467474     
   174895.15953099777     
   178090.04809628462     
