  -14079.573173097639     
  -10733.704980866138     
  -10354.786168278728     
  -7411.8071017258626     
  -7009.7394546124742     
  -6705.2238563648825     
  -4028.9530177923157     
  -3685.9793230353157     
  -3359.4321885565291     
  -3059.4513550878760     
  -544.04006353585430     
  -299.50875352996172     
  -32.315614277898852     
   287.67452995357553     
   634.88682920036456     
   3041.2605041061888     
   3189.4658396916252     
   3361.7467716183310     
   3614.2942112089158     
   3980.5625411854726     
   4405.9837830715051     
   6686.2985612613766     
   6796.8419262066936     
   6894.9130373015796     
   7021.6118345739715     
   7316.9119796735122     
   7760.7656228715523     
   8290.3820134260859     
   10434.011765070692     
   10497.542421826705     
   10610.660458571465     
   10722.857407379350     
   10798.172614954530     
   11184.551294686369     
   11743.462030124416     
   12438.284389676026     
   14228.423095880358     
   14263.810229861088     
   14566.835229960287     
   14647.288887777653     
   14917.665748239098     
   15078.526927442692     
   15429.593365155035     
   16206.033598826556     
   17136.303365161628     
   18062.793507837810     
   18114.574154109796     
   18728.948181772434     
   18819.914630900883     
   19452.019612902932     
   19656.619096257760     
   20213.517163245950     
   20354.857460447049     
   21453.993449895981     
   22001.226755047803     
   22157.633751078654     
   22695.528169994948     
   23099.881104211483     
   23410.654571595216     
   24326.774435932442     
   24662.257497440496     
   25517.339989668788     
   25911.606533771304     
   26152.565372829216     
   26355.859607903654     
   26809.123347534609     
   27654.411858335352     
   27888.579579800484     
   28446.100365904742     
   29269.742154804098     
   29477.065770692487     
   30344.887772878839     
   30890.422992819982     
   31256.442323473722     
   31596.943423806049     
   31801.893047614918     
   33301.728348302480     
   33352.894091813869     
   33588.388239359861     
   34165.294210061918     
   34894.716112760194     
   35464.980281272074     
   36197.617449038276     
   36548.636640201366     
   36826.772281338162     
   37354.445810485136     
   38340.300052884064     
   39009.690264665718     
   39731.788546390308     
   40372.674974226647     
   40724.774392766012     
   41336.991411260191     
   41870.079208188698     
   42332.482933496547     
   42910.539667179823     
   43654.719043674733     
   44137.666345936261     
   44858.842890326414     
   45389.253136152205     
   46009.835109446984     
   47224.167974401127     
   47628.320921028397     
   48286.236027159517     
   49061.603231970694     
   49128.877007403462     
   50357.682424181519     
   50856.925846936785     
   51940.384787482835     
   51986.217064010300     
   52858.601972797791     
   53329.342650793260     
   54784.858271769990     
   55397.961209163797     
   55660.288861762674     
   56657.838636523578     
   57071.636470712758     
   57910.813817742070     
   58242.242487445365     
   59753.660567088715     
   60319.582936111714     
   61349.628483021646     
   61992.392781219300     
   63247.086336151391     
   63472.123462566109     
   64551.542663250519     
   65098.493556339461     
   65751.560264587984     
   66064.340075069835     
   66909.440446563676     
   68452.355107892712     
   69285.945936482007     
   69939.167151011308     
   70339.486616531110     
   71753.540065628811     
   72877.884160461690     
   73522.660775804485     
   74603.021688107910     
   75475.885577512003     
   77096.419296349166     
   77253.744676267946     
   78141.838827279556     
   78174.293921892124     
   79890.848625833707     
   81321.377892009143     
   81388.814103366341     
   83091.777383645633     
   83637.736720471992     
   84195.316178993511     
   86161.921615729167     
   86519.755280890851     
   88220.676297021855     
   89413.118115826015     
   89621.072012416247     
   91025.458992823318     
   91498.062379105133     
   92349.929001146433     
   93818.431498537902     
   95187.122540151438     
   96465.060093076623     
   96650.900370249816     
   98895.382642277385     
   100416.42994906077     
   101445.23921698135     
   102584.12089037431     
   103352.11547237774     
   103752.03185201163     
   105952.92041466707     
   107621.52967672657     
   108322.04400376865     
   109976.94499643365     
   111393.75727166835     
   112483.33979545374     
   113029.16221533224     
   114545.45336611905     
   117048.84610018099     
   118938.37414879604     
   120392.43716515729     
   121694.64719897468     
   123837.83144128113     
   124739.35205748923     
   126228.73804406273     
   127950.13004037637     
   128234.19256705415     
   132062.42107073672     
   133929.71365584031     
   136615.80253423454     
   137714.70238339910     
   140495.12931168251     
   141500.76005567532     
   144818.71531736542     
   145223.31417641533     
   149715.18725185530     
   152170.26791020442     
   153254.56491984165     
   156787.33782627402     
   160081.00417358312     
   160620.33076873192     
   166678.41488780724     
   174902.20867347743     
   178092.84889871249     
