  -14079.573174812542     
  -10733.704983603449     
  -10354.786170461715     
  -7411.8071067004230     
  -7009.7394583956338     
  -6705.2238594132768     
  -4028.9530276540945     
  -3685.9793301559471     
  -3359.4321941326916     
  -3059.4513597212435     
  -544.04008371467069     
  -299.50876802075624     
  -32.315624962069606     
   287.67452128449264     
   634.88682170084235     
   3041.2604654557977     
   3189.4658105150520     
   3361.7467497872194     
   3614.2941951473240     
   3980.5625277209069     
   4405.9837712398048     
   6686.2985008474552     
   6796.8418817434958     
   6894.9129873427983     
   7021.6118026531558     
   7316.9119567410189     
   7760.7656031869692     
   8290.3819963027945     
   10434.011700521498     
   10497.542376111360     
   10610.660388204687     
   10722.857328177161     
   10798.172560954286     
   11184.551263496169     
   11743.462002318691     
   12438.284367244141     
   14228.423047608496     
   14263.810183033707     
   14566.835156478599     
   14647.288803300336     
   14917.665671372928     
   15078.526823352669     
   15429.593321267475     
   16206.033561749846     
   17136.303338718470     
   18062.793461978781     
   18114.574098496563     
   18728.948103707171     
   18819.914562460803     
   19452.019521881186     
   19656.619015931468     
   20213.517065995380     
   20354.857397634303     
   21453.993409484461     
   22001.226704283450     
   22157.633696387449     
   22695.528140418537     
   23099.881024893424     
   23410.654496382122     
   24326.774365277590     
   24662.257413428270     
   25517.339907454996     
   25911.606467891808     
   26152.565310806742     
   26355.859550142148     
   26809.123278479550     
   27654.411820038265     
   27888.579505273225     
   28446.100288219088     
   29269.742126779969     
   29477.065687210456     
   30344.887711224121     
   30890.422933979484     
   31256.442263159453     
   31596.943344306012     
   31801.892990902143     
   33301.728268514387     
   33352.894028817333     
   33588.388190438083     
   34165.294127030014     
   34894.716081836239     
   35464.980216562471     
   36197.617381744145     
   36548.636590853755     
   36826.772230150869     
   37354.445751243118     
   38340.299992025008     
   39009.690226103972     
   39731.788476636160     
   40372.674923328530     
   40724.774343399229     
   41336.991356169703     
   41870.079177258034     
   42332.482860379445     
   42910.539618139868     
   43654.718989068293     
   44137.666305217936     
   44858.842855375966     
   45389.253097805697     
   46009.835079689066     
   47224.167928903938     
   47628.320872855074     
   48286.235995717056     
   49061.603201549209     
   49128.876980498899     
   50357.682385514476     
   50856.925815661169     
   51940.384743760616     
   51986.217035470188     
   52858.601934501952     
   53329.342628773826     
   54784.858240297370     
   55397.961193409959     
   55660.288836827072     
   56657.838610929815     
   57071.636445009477     
   57910.813786975159     
   58242.242464848372     
   59753.660538179727     
   60319.582910038182     
   61349.628468924988     
   61992.392764081065     
   63247.086313924738     
   63472.123445622135     
   64551.542639953150     
   65098.493538997558     
   65751.560239153929     
   66064.340057174282     
   66909.440424732980     
   68452.355094971936     
   69285.945914571028     
   69939.167131493276     
   70339.486597960495     
   71753.540052675700     
   72877.884148404904     
   73522.660761710154     
   74603.021675676471     
   75475.885560491515     
   77096.419284340125     
   77253.744661177188     
   78141.838814636227     
   78174.293896226896     
   79890.848613054666     
   81321.377874623649     
   81388.814087837614     
   83091.777371718781     
   83637.736703546921     
   84195.316163372889     
   86161.921602154223     
   86519.755267175424     
   88220.676282531960     
   89413.118106608948     
   89621.071998787200     
   91025.458978263807     
   91498.062363667967     
   92349.928991438312     
   93818.431486304791     
   95187.122522523670     
   96465.060081647112     
   96650.900351722594     
   98895.382628459236     
   100416.42993337318     
   101445.23920531226     
   102584.12087451130     
   103352.11545470513     
   103752.03183941853     
   105952.92040119958     
   107621.52965854920     
   108322.04399222671     
   109976.94498364332     
   111393.75726037929     
   112483.33977945741     
   113029.16220330920     
   114545.45335207498     
   117048.84608354047     
   118938.37413548987     
   120392.43715816132     
   121694.64718926270     
   123837.83142920070     
   124739.35204463034     
   126228.73802650506     
   127950.13002818517     
   128234.19255432353     
   132062.42106331603     
   133929.71364134064     
   136615.80251778525     
   137714.70236670406     
   140495.12929915515     
   141500.76004103097     
   144818.71530659194     
   145223.31416782644     
   149715.18723825522     
   152170.26789894287     
   153254.56491059207     
   156787.33781345756     
   160081.00415911918     
   160620.33075890245     
   166678.41487637095     
   174902.20864600874     
   178092.84888760807     
