           1  -6.2698907975788948E-002
           2  -7.6269144725456428E-002
           3  -7.3803112682785554E-002
           4  -5.8593964899590879E-002
           5  -6.4272636828536386E-002
           6  -7.6679015092750394E-002
           7  -6.7052024940436883E-002
           8  -7.5447853473030749E-002
           9  -7.8453919465699101E-002
          10  -6.3784007116116245E-002
          11  -6.7891680545337479E-002
          12  -7.4400176658514769E-002
          13  -6.8897380953840404E-002
          14  -5.4264231424698980E-002
          15  -6.5582443735467871E-002
          16  -7.3546037420682331E-002
          17  -7.1383826823204280E-002
          18  -7.8918325865090358E-002
          19  -6.1940489938548449E-002
          20  -6.9037992137561552E-002
          21  -5.8905284231961702E-002
          22  -6.8496442796171314E-002
          23  -5.7841489658223069E-002
          24  -6.9848057276885964E-002
          25  -6.2840986462702697E-002
          26  -6.4951028873845740E-002
          27  -5.5886131137928285E-002
          28  -6.2019286727299124E-002
          29  -7.0534100928921858E-002
          30  -6.2314760619366034E-002
          31  -6.2004024667252230E-002
          32  -7.1096313092171903E-002
          33  -5.4939184140659889E-002
          34  -5.4735327763964489E-002
          35  -6.0050483759475609E-002
          36  -6.9652670656176752E-002
          37  -6.4922919748251068E-002
          38  -7.3052161617253850E-002
          39  -6.7014647728444149E-002
          40  -6.5515771406628842E-002
          41  -5.4154018786000561E-002
          42  -6.1606431126341420E-002
          43  -7.7539038362302984E-002
          44  -5.7912420140932674E-002
          45  -5.6325509207866810E-002
          46  -6.9642045078464304E-002
          47  -6.6642056003573744E-002
          48  -7.5348763546069980E-002
          49  -5.3959512063891699E-002
          50  -7.6775752662682648E-002
          51  -5.7728183460007965E-002
          52  -6.6386404350759959E-002
          53  -5.4304029177494564E-002
          54  -7.5625746398046242E-002
          55  -7.1187128140048100E-002
          56  -7.3011222933421896E-002
          57  -7.6552933266688578E-002
          58  -6.5512069016052804E-002
          59  -7.1096787224529751E-002
          60  -5.9796922437776574E-002
          61  -7.9112330066974490E-002
          62  -6.2023380609745341E-002
          63  -6.7893276732775412E-002
          64  -6.7507226352137614E-002
          65  -5.6601337301761659E-002
          66  -5.2954008015025936E-002
          67  -6.8256945097067867E-002
          68  -6.8793837064324223E-002
          69  -5.9948545558105165E-002
          70  -7.0986363091464805E-002
          71  -6.4396998457002558E-002
          72  -6.3358969985689920E-002
          73  -6.8219956321235592E-002
          74  -6.0857837838432585E-002
          75  -7.2287669989278561E-002
          76  -7.5304425406095998E-002
          77  -7.8053276001400787E-002
          78  -6.7586880125479004E-002
          79  -5.3927824638631022E-002
          80  -7.8327185007587355E-002
          81  -6.0866493134798583E-002
          82  -7.5364981778535747E-002
          83  -7.9054263769831934E-002
          84  -5.9283040679218128E-002
          85  -7.6683257066150132E-002
          86  -7.3415746348449121E-002
          87  -5.7712119510467688E-002
          88  -7.4182777491290749E-002
          89  -7.6876483504910789E-002
          90  -7.2109677115107407E-002
          91  -6.8975431108746446E-002
          92  -6.5527352538570158E-002
          93  -7.6168261596876383E-002
          94  -5.8391261944480008E-002
          95  -6.3660957229201939E-002
          96  -7.0463401219235028E-002
          97  -7.5157579031796470E-002
          98  -5.6929163095312672E-002
          99  -5.7194083291106625E-002
         100  -7.3364052226199447E-002
         101  -7.2137072079912573E-002
         102  -6.4193821664239939E-002
         103  -6.3055965509259210E-002
         104  -7.8935473505338014E-002
         105  -5.2747534443077816E-002
         106  -7.8112346975910310E-002
         107  -6.6386869477742194E-002
         108  -7.8582305857886711E-002
         109  -7.1209018291273657E-002
         110  -7.7890722113883232E-002
         111  -6.9998719429876025E-002
         112  -5.4764278320684173E-002
         113  -5.4596882740411662E-002
         114  -7.0654867200964699E-002
         115  -5.2511099211385422E-002
         116  -7.2260760936168539E-002
         117  -6.0627948241044761E-002
         118  -6.3383813030543537E-002
         119  -7.0583774135234853E-002
         120  -7.1840327130181361E-002
         121  -5.2828011446822219E-002
         122  -7.3582994875982508E-002
         123  -6.5834967553806259E-002
         124  -6.5088003169311959E-002
         125  -7.7646668580909628E-002
         126  -7.4937925863123742E-002
         127  -7.6797539261754852E-002
         128  -5.8299019705843017E-002
         129  -6.7956941466419160E-002
         130  -7.0385556647266451E-002
         131  -5.5953486432506784E-002
         132  -7.2868937336437012E-002
         133  -5.4674019847160742E-002
         134  -6.1931655078614825E-002
         135  -7.2979572115843439E-002
         136  -7.8528207342951892E-002
         137  -5.4510841681238813E-002
         138  -6.0501208194322219E-002
         139  -5.5785045096734223E-002
         140  -6.7860147107874025E-002
         141  -5.7390869985318567E-002
         142  -7.9274979105952173E-002
         143  -7.4214075649779374E-002
         144  -7.8214357446882279E-002
         145  -7.8903176293656410E-002
         146  -7.3764780677426561E-002
         147  -5.9775218469596249E-002
         148  -7.6895846989818994E-002
         149  -7.5321343066276525E-002
         150  -7.5992204639734426E-002
         151  -6.6369250325832657E-002
         152  -5.8408364619215093E-002
         153  -7.5762328084709188E-002
         154  -5.8873070995857549E-002
         155  -5.8855138062507584E-002
         156  -6.1314505643909896E-002
         157  -7.8161736547011917E-002
         158  -7.7363700252507939E-002
         159  -6.5727660028667492E-002
         160  -5.7232755953011777E-002
         161  -7.0149381522515583E-002
         162  -6.6308316675640591E-002
         163  -7.3010354566971011E-002
         164  -7.0099655992669874E-002
         165  -7.6903008999339689E-002
         166  -7.3394627667704881E-002
         167  -6.5506253123153418E-002
         168  -6.0362202671011174E-002
         169  -6.2988244266918764E-002
         170  -7.5047282337899354E-002
         171  -6.4290538067642677E-002
         172  -7.4443036584842706E-002
         173  -7.4206271835191490E-002
         174  -7.6525336795583099E-002
         175  -7.7156065129742282E-002
         176  -6.3370787146790591E-002
         177  -7.1153251589151145E-002
         178  -5.4023759945060985E-002
         179  -6.2873402216304372E-002
         180  -7.6240541183019719E-002
         181  -7.1331019848102931E-002
         182  -6.5050839548951217E-002
         183  -6.8984000738206014E-002
         184  -5.9623707261118278E-002
         185  -5.5728891322834075E-002
         186  -7.4295490502785222E-002
         187  -7.8934606706555693E-002
         188  -6.6307032204257044E-002
         189  -7.2818895932532643E-002
         190  -6.8615253400319418E-002
         191  -6.8102500400031407E-002
         192  -6.8620980684004157E-002
         193  -7.9228107207277951E-002
         194  -6.5317643615921281E-002
         195  -5.9530965668737883E-002
         196  -6.1848271853125122E-002
         197  -5.4645972091054158E-002
         198  -7.5564241114291428E-002
         199  -6.2138535137596047E-002
         200  -7.2515971450564251E-002
