           1  -6.3480296734448632E-002
           2  -7.6913599873890542E-002
           3  -7.4545861462321228E-002
           4  -5.9270081882717970E-002
           5  -6.5414478310668531E-002
           6  -7.7866426907404612E-002
           7  -6.7649171238630124E-002
           8  -7.6475910652821930E-002
           9  -7.9558301388431174E-002
          10  -6.4337250789647221E-002
          11  -6.9376152565702842E-002
          12  -7.5009312562508285E-002
          13  -7.0177468866498990E-002
          14  -5.5159859101313748E-002
          15  -6.6573211223754564E-002
          16  -7.4190571343008563E-002
          17  -7.1993344174410653E-002
          18  -7.9808895599294521E-002
          19  -6.2548878793025425E-002
          20  -6.9623487895199176E-002
          21  -5.9676341299060819E-002
          22  -6.9392207135522382E-002
          23  -5.8758943761480296E-002
          24  -7.0424387041926315E-002
          25  -6.3586996190194103E-002
          26  -6.5498590593139366E-002
          27  -5.6652520046755243E-002
          28  -6.3178050917371956E-002
          29  -7.1225786660893894E-002
          30  -6.2868324976713491E-002
          31  -6.2893093920586007E-002
          32  -7.1647556316718403E-002
          33  -5.5960017150601421E-002
          34  -5.6141565245107626E-002
          35  -6.0853317120990034E-002
          36  -7.0411270094042244E-002
          37  -6.5798449446595630E-002
          38  -7.4461652434298281E-002
          39  -6.7796130352617071E-002
          40  -6.6251542546454822E-002
          41  -5.5543791552788845E-002
          42  -6.2314996674587821E-002
          43  -7.8365398844916750E-002
          44  -5.8648101686190911E-002
          45  -5.7718186311473560E-002
          46  -7.0168852341466387E-002
          47  -6.7310565182182022E-002
          48  -7.6281964320464621E-002
          49  -5.5108525595982137E-002
          50  -7.7536378787750895E-002
          51  -5.9135477905608393E-002
          52  -6.7619009918507181E-002
          53  -5.5541027242576695E-002
          54  -7.6918753838885801E-002
          55  -7.2049820838066062E-002
          56  -7.3628483691180885E-002
          57  -7.7597852154431352E-002
          58  -6.6091323218415141E-002
          59  -7.1774281376989213E-002
          60  -6.1194116938176668E-002
          61  -8.0144824776879481E-002
          62  -6.2598179500068352E-002
          63  -6.8417780038895079E-002
          64  -6.8046239263021280E-002
          65  -5.7307085192608458E-002
          66  -5.4088757922217269E-002
          67  -6.8975399380305280E-002
          68  -6.9444432259739647E-002
          69  -6.0720208664152155E-002
          70  -7.1600222760185295E-002
          71  -6.5047463240241771E-002
          72  -6.3990397614548652E-002
          73  -6.8797604060725839E-002
          74  -6.1490445929937722E-002
          75  -7.3424640205236771E-002
          76  -7.6004567503448986E-002
          77  -7.8821878538902074E-002
          78  -6.8183118356376943E-002
          79  -5.5322734284348266E-002
          80  -7.9104851996830677E-002
          81  -6.1453243131645116E-002
          82  -7.5993469031795699E-002
          83  -8.0027150978301403E-002
          84  -6.0419733867895287E-002
          85  -7.7383724109988131E-002
          86  -7.4269093290215360E-002
          87  -5.8756187330938070E-002
          88  -7.4810613729720907E-002
          89  -7.8084585998078965E-002
          90  -7.2693076437736981E-002
          91  -6.9652928796865160E-002
          92  -6.7006086132419679E-002
          93  -7.7306504843401486E-002
          94  -5.9343193430236252E-002
          95  -6.4254183190863096E-002
          96  -7.1933835895420239E-002
          97  -7.5810028050498066E-002
          98  -5.7930331374960009E-002
          99  -5.7916723130017243E-002
         100  -7.4298106425059074E-002
         101  -7.2729007146603519E-002
         102  -6.4764985412878284E-002
         103  -6.3657941489014144E-002
         104  -7.9714327569571530E-002
         105  -5.3796942269957029E-002
         106  -7.8983646639889660E-002
         107  -6.6919388752634271E-002
         108  -7.9337081765178175E-002
         109  -7.1772093808118248E-002
         110  -7.8947318577834782E-002
         111  -7.0623371971599222E-002
         112  -5.5576033828495588E-002
         113  -5.5534783383156594E-002
         114  -7.1237758796111050E-002
         115  -5.3461134339465873E-002
         116  -7.2909104151093529E-002
         117  -6.1322831659420401E-002
         118  -6.4837627809386372E-002
         119  -7.1392556556068992E-002
         120  -7.2588416648663473E-002
         121  -5.3987219618706367E-002
         122  -7.4162500744949469E-002
         123  -6.6743584947973542E-002
         124  -6.5698482247163736E-002
         125  -7.8344167572204151E-002
         126  -7.5969789134346696E-002
         127  -7.7523204372929366E-002
         128  -5.9465797327033609E-002
         129  -6.8795822841901361E-002
         130  -7.1264136833310066E-002
         131  -5.6754220334310004E-002
         132  -7.3719015335140609E-002
         133  -5.5805240028275034E-002
         134  -6.3305711513036475E-002
         135  -7.3762618259800072E-002
         136  -7.9430006436428877E-002
         137  -5.5377517656010948E-002
         138  -6.1412700457147605E-002
         139  -5.6937557761282405E-002
         140  -6.8900038269905428E-002
         141  -5.8285997540090763E-002
         142  -8.0192731690951424E-002
         143  -7.4961467428553530E-002
         144  -7.8948149971321213E-002
         145  -7.9765314620791034E-002
         146  -7.5021072113178378E-002
         147  -6.0678055227775723E-002
         148  -7.7754620235042662E-002
         149  -7.6173734788638883E-002
         150  -7.6618579473823514E-002
         151  -6.7030827691809375E-002
         152  -5.9106697053819206E-002
         153  -7.6484432711907413E-002
         154  -5.9867520427549011E-002
         155  -5.9484432049482824E-002
         156  -6.2156482778565461E-002
         157  -7.9118891916897999E-002
         158  -7.8071544404326468E-002
         159  -6.6272869012143493E-002
         160  -5.8063465735270173E-002
         161  -7.1201494884937044E-002
         162  -6.6852563639011403E-002
         163  -7.4033231233486763E-002
         164  -7.1216319555062718E-002
         165  -7.7847848107342271E-002
         166  -7.3990483084522191E-002
         167  -6.6364885940581472E-002
         168  -6.0945265455307804E-002
         169  -6.3816157329543099E-002
         170  -7.5815796670989255E-002
         171  -6.5100704077828059E-002
         172  -7.5383583728842879E-002
         173  -7.4896063405355817E-002
         174  -7.7623970278813570E-002
         175  -7.7885517734103335E-002
         176  -6.3940306721782525E-002
         177  -7.2090985755489584E-002
         178  -5.5346536324437000E-002
         179  -6.3863449447979975E-002
         180  -7.7029050407308022E-002
         181  -7.2612477957419985E-002
         182  -6.5626066597649552E-002
         183  -6.9530030126419784E-002
         184  -6.0261598454867678E-002
         185  -5.6784802350521281E-002
         186  -7.5441026583619716E-002
         187  -7.9914699948792259E-002
         188  -6.6939400954642195E-002
         189  -7.3434732869294028E-002
         190  -6.9575149692847879E-002
         191  -6.8958376618665843E-002
         192  -6.9243821369138203E-002
         193  -8.0035078492916675E-002
         194  -6.6516152770734971E-002
         195  -6.0213970489713081E-002
         196  -6.2866302309514011E-002
         197  -5.5640025666341048E-002
         198  -7.6262483736122003E-002
         199  -6.2764683143277350E-002
         200  -7.3202863062812734E-002
