           1  -6.2697107308468947E-002
           2  -7.6267438990448480E-002
           3  -7.3801429098141733E-002
           4  -5.8590802740408232E-002
           5  -6.4270520385764113E-002
           6  -7.6675296721962383E-002
           7  -6.7050066461128183E-002
           8  -7.5443920808953763E-002
           9  -7.8451619628060770E-002
          10  -6.3781769944552105E-002
          11  -6.7888016843892146E-002
          12  -7.4398375010829632E-002
          13  -6.8894999755861150E-002
          14  -5.4261132982805743E-002
          15  -6.5580647495873917E-002
          16  -7.3543883371934293E-002
          17  -7.1381562876946997E-002
          18  -7.8916536084576966E-002
          19  -6.1937343272382414E-002
          20  -6.9035582945576754E-002
          21  -5.8902926446471722E-002
          22  -6.8494687063642534E-002
          23  -5.7839364663820378E-002
          24  -6.9846339690782494E-002
          25  -6.2839047759013569E-002
          26  -6.4948725549177008E-002
          27  -5.5882973255892678E-002
          28  -6.2017038307251082E-002
          29  -7.0532434531560578E-002
          30  -6.2312295073351412E-002
          31  -6.2002210791977819E-002
          32  -7.1094506360052670E-002
          33  -5.4936894643114818E-002
          34  -5.4731569114687954E-002
          35  -6.0048575145468581E-002
          36  -6.9650983148726114E-002
          37  -6.4921103172995334E-002
          38  -7.3048303732651587E-002
          39  -6.7012928145972150E-002
          40  -6.5514032851367310E-002
          41  -5.4149583146682383E-002
          42  -6.1604389626228821E-002
          43  -7.7536651618459823E-002
          44  -5.7909949230636297E-002
          45  -5.6321977349474778E-002
          46  -6.9640180164052143E-002
          47  -6.6640364387161519E-002
          48  -7.5347073224145938E-002
          49  -5.3956970324183250E-002
          50  -7.6774265399295855E-002
          51  -5.7724759431024120E-002
          52  -6.6384262204118832E-002
          53  -5.4299568986785784E-002
          54  -7.5621952488232391E-002
          55  -7.1185474612100480E-002
          56  -7.3009154328834397E-002
          57  -7.6551025687894014E-002
          58  -6.5509940977850678E-002
          59  -7.1093960981171309E-002
          60  -5.9793654484421088E-002
          61  -7.9110008684852268E-002
          62  -6.2021095459229410E-002
          63  -6.7891219628577665E-002
          64  -6.7505143284652291E-002
          65  -5.6598751779592671E-002
          66  -5.2950881851248480E-002
          67  -6.8255234506735027E-002
          68  -6.8792145432742452E-002
          69  -5.9946482050576511E-002
          70  -7.0984793657043188E-002
          71  -6.4395255700832682E-002
          72  -6.3357066394433975E-002
          73  -6.8217986054049939E-002
          74  -6.0855414814154393E-002
          75  -7.2285690559497753E-002
          76  -7.5302255387639544E-002
          77  -7.8051788875682288E-002
          78  -6.7584173732124136E-002
          79  -5.3923833759044040E-002
          80  -7.8325275634763228E-002
          81  -6.0863614943567346E-002
          82  -7.5363358047159351E-002
          83  -7.9052370933439656E-002
          84  -5.9280899456581423E-002
          85  -7.6681524629940073E-002
          86  -7.3414119690758589E-002
          87  -5.7709727713618673E-002
          88  -7.4181148703131278E-002
          89  -7.6874035899406210E-002
          90  -7.2108037485425311E-002
          91  -6.8972220428440173E-002
          92  -6.5523787472009765E-002
          93  -7.6166238689005558E-002
          94  -5.8386668868920508E-002
          95  -6.3658829122990063E-002
          96  -7.0459688808444373E-002
          97  -7.5155641336046852E-002
          98  -5.6924645715057551E-002
          99  -5.7190874491280123E-002
         100  -7.3362365298814500E-002
         101  -7.2135080711331470E-002
         102  -6.4191061643140493E-002
         103  -6.3052781642686073E-002
         104  -7.8933961506610958E-002
         105  -5.2744478933430809E-002
         106  -7.8110661879510185E-002
         107  -6.6384877796751729E-002
         108  -7.8580584736843595E-002
         109  -7.1207269910165100E-002
         110  -7.7888739784932687E-002
         111  -6.9996125841185378E-002
         112  -5.4761246383865245E-002
         113  -5.4594375363347894E-002
         114  -7.0652707489399502E-002
         115  -5.2508164176939300E-002
         116  -7.2258383346908123E-002
         117  -6.0625696761379924E-002
         118  -6.3380381714462974E-002
         119  -7.0582100455047009E-002
         120  -7.1838639653740960E-002
         121  -5.2825139386096689E-002
         122  -7.3581295163494570E-002
         123  -6.5833211765984473E-002
         124  -6.5086044626169390E-002
         125  -7.7644963591615240E-002
         126  -7.4936097352211156E-002
         127  -7.6795516242562645E-002
         128  -5.8296539567455688E-002
         129  -6.7955180476825472E-002
         130  -7.0381153548981210E-002
         131  -5.5950951696852214E-002
         132  -7.2865168245731457E-002
         133  -5.4669672869178593E-002
         134  -6.1928608697285420E-002
         135  -7.2977981148624790E-002
         136  -7.8525775922043489E-002
         137  -5.4508341722783404E-002
         138  -6.0499121822240327E-002
         139  -5.5782591473646094E-002
         140  -6.7858329668372699E-002
         141  -5.7388552283574701E-002
         142  -7.9272993331913122E-002
         143  -7.4211342655716744E-002
         144  -7.8212743988858524E-002
         145  -7.8901112675885704E-002
         146  -7.3762535158240800E-002
         147  -5.9770613281018375E-002
         148  -7.6894207287625457E-002
         149  -7.5319716510459517E-002
         150  -7.5990580893519510E-002
         151  -6.6367303732658686E-002
         152  -5.8405541041982173E-002
         153  -7.5760738259570137E-002
         154  -5.8871093709388408E-002
         155  -5.8852004409075467E-002
         156  -6.1310019903389426E-002
         157  -7.8159938219316119E-002
         158  -7.7361939625360393E-002
         159  -6.5725297451182357E-002
         160  -5.7230425727512843E-002
         161  -7.0147514460193350E-002
         162  -6.6305920774317989E-002
         163  -7.3008563656686842E-002
         164  -7.0097784778672470E-002
         165  -7.6901273442046572E-002
         166  -7.3392930314236299E-002
         167  -6.5501542076083080E-002
         168  -6.0359600505021406E-002
         169  -6.2983697460639698E-002
         170  -7.5045751069895750E-002
         171  -6.4288769716541710E-002
         172  -7.4439136516848220E-002
         173  -7.4204583003533983E-002
         174  -7.6521560840772024E-002
         175  -7.7154454084082752E-002
         176  -6.3368115717611334E-002
         177  -7.1151564582194710E-002
         178  -5.4019285982149071E-002
         179  -6.2871617211429309E-002
         180  -7.6238035195067430E-002
         181  -7.1328621810637385E-002
         182  -6.5048023446039535E-002
         183  -6.8982102865458389E-002
         184  -5.9620998624665869E-002
         185  -5.5724497947273355E-002
         186  -7.4293443757941419E-002
         187  -7.8932121411500078E-002
         188  -6.6303823854545405E-002
         189  -7.2817326674536775E-002
         190  -6.8613478600909536E-002
         191  -6.8097929614110667E-002
         192  -6.8619164104202407E-002
         193  -7.9226442111424739E-002
         194  -6.5315453398263210E-002
         195  -5.9528497386809015E-002
         196  -6.1846156415493569E-002
         197  -5.4643522935424703E-002
         198  -7.5562511806793770E-002
         199  -6.2136403043193664E-002
         200  -7.2514305187886985E-002
