           1  -6.2693621312649009E-002
           2  -7.6264136206130081E-002
           3  -7.3798167559582684E-002
           4  -5.8584691960975696E-002
           5  -6.4266413646715204E-002
           6  -7.6668089562533043E-002
           7  -6.7046278380947927E-002
           8  -7.5436304884113778E-002
           9  -7.8447157468604117E-002
          10  -6.3777445300322505E-002
          11  -6.7880907272809141E-002
          12  -7.4394887849676475E-002
          13  -6.8890376302327125E-002
          14  -5.4255142562155814E-002
          15  -6.5577163673163782E-002
          16  -7.3539714670453352E-002
          17  -7.1377183025366081E-002
          18  -7.8913065376403607E-002
          19  -6.1931262040303303E-002
          20  -6.9030923621405102E-002
          21  -5.8898366447996404E-002
          22  -6.8491283441051765E-002
          23  -5.7835250658685340E-002
          24  -6.9843016585747070E-002
          25  -6.2835296055967660E-002
          26  -6.4944272817887394E-002
          27  -5.5876870246086764E-002
          28  -6.2012676759565170E-002
          29  -7.0529207967146915E-002
          30  -6.2307529858147311E-002
          31  -6.1998696679836596E-002
          32  -7.1091011129850071E-002
          33  -5.4932461341469910E-002
          34  -5.4724286480323077E-002
          35  -6.0044881088036767E-002
          36  -6.9647714464203980E-002
          37  -6.4917583427109266E-002
          38  -7.3040820181577523E-002
          39  -6.7009597575549987E-002
          40  -6.5510667093111249E-002
          41  -5.4140995794575979E-002
          42  -6.1600440691632632E-002
          43  -7.7532028464107422E-002
          44  -5.7905172017385931E-002
          45  -5.6315131782804964E-002
          46  -6.9636573191390119E-002
          47  -6.6637090446751326E-002
          48  -7.5343794106694173E-002
          49  -5.3952046354850465E-002
          50  -7.6771382512116848E-002
          51  -5.7718120346093138E-002
          52  -6.6380102623039686E-002
          53  -5.4290940269284764E-002
          54  -7.5614596157603381E-002
          55  -7.1182268825160419E-002
          56  -7.3005151420606290E-002
          57  -7.6547323762630765E-002
          58  -6.5505826143662640E-002
          59  -7.1088493414381393E-002
          60  -5.9787316078421818E-002
          61  -7.9105506698183656E-002
          62  -6.2016678391805732E-002
          63  -6.7887241827451927E-002
          64  -6.7501115318836027E-002
          65  -5.6593754441297051E-002
          66  -5.2944831657560545E-002
          67  -6.8251922438933105E-002
          68  -6.8788871337501903E-002
          69  -5.9942489740300572E-002
          70  -7.0981755857457265E-002
          71  -6.4391883941434969E-002
          72  -6.3353384714181823E-002
          73  -6.8214175206703226E-002
          74  -6.0850730942449423E-002
          75  -7.2281847652653178E-002
          76  -7.5298054307897461E-002
          77  -7.8048906010556987E-002
          78  -6.7578940550890504E-002
          79  -5.3916104366674107E-002
          80  -7.8321576239192878E-002
          81  -6.0858052940765017E-002
          82  -7.5360214212786547E-002
          83  -7.9048699117151622E-002
          84  -5.9276746363989184E-002
          85  -7.6678169081835848E-002
          86  -7.3410965711132342E-002
          87  -5.7705095013312661E-002
          88  -7.4177995354079429E-002
          89  -7.6869285337713422E-002
          90  -7.2104864393710971E-002
          91  -6.8966011048000320E-002
          92  -6.5516869461998223E-002
          93  -7.6162311490226703E-002
          94  -5.8377789607724682E-002
          95  -6.3654714490041675E-002
          96  -7.0452484910361934E-002
          97  -7.5151890270062680E-002
          98  -5.6915912265238525E-002
          99  -5.7184673458139289E-002
         100  -7.3359092936237061E-002
         101  -7.2131227778230514E-002
         102  -6.4185726685208805E-002
         103  -6.3046628084249628E-002
         104  -7.8931030275634959E-002
         105  -5.2738567934399211E-002
         106  -7.8107394107845105E-002
         107  -6.6381026799746973E-002
         108  -7.8577249733421659E-002
         109  -7.1203887217581446E-002
         110  -7.7884893001719094E-002
         111  -6.9991109203162649E-002
         112  -5.4755386053774127E-002
         113  -5.4589524322722661E-002
         114  -7.0648529806230667E-002
         115  -5.2502488595387441E-002
         116  -7.2253782872185660E-002
         117  -6.0621343001432113E-002
         118  -6.3373723949732869E-002
         119  -7.0578857177481663E-002
         120  -7.1835370871067200E-002
         121  -5.2819578548966455E-002
         122  -7.3578005703868798E-002
         123  -6.5829808243822036E-002
         124  -6.5082256723400581E-002
         125  -7.7641661009988025E-002
         126  -7.4932548759616857E-002
         127  -7.6791598511098846E-002
         128  -5.8291731722478819E-002
         129  -6.7951768291286074E-002
         130  -7.0372635325215621E-002
         131  -5.5946050674927320E-002
         132  -7.2857874440575593E-002
         133  -5.4661266043992879E-002
         134  -6.1922698092497779E-002
         135  -7.2974897836515007E-002
         136  -7.8521064452601791E-002
         137  -5.4503506875118436E-002
         138  -6.0495081541857676E-002
         139  -5.5777836399569444E-002
         140  -6.7854803040417175E-002
         141  -5.7384067242502487E-002
         142  -7.9269143035184023E-002
         143  -7.4206052855226953E-002
         144  -7.8209617570999312E-002
         145  -7.8897113150304177E-002
         146  -7.3758174411569399E-002
         147  -5.9761710964302980E-002
         148  -7.6891027625414346E-002
         149  -7.5316562525772526E-002
         150  -7.5987436979501985E-002
         151  -6.6363537597638453E-002
         152  -5.8400083601815179E-002
         153  -7.5757658078343865E-002
         154  -5.8867262073490564E-002
         155  -5.8845949351191126E-002
         156  -6.1301348736898215E-002
         157  -7.8156449522174126E-002
         158  -7.7358529354618871E-002
         159  -6.5720729982713222E-002
         160  -5.7225918227740376E-002
         161  -7.0143891285082222E-002
         162  -6.6301288693849228E-002
         163  -7.3005088130169718E-002
         164  -7.0094151954135764E-002
         165  -7.6897906533958199E-002
         166  -7.3389645164994036E-002
         167  -6.5492432590804103E-002
         168  -6.0354571764960646E-002
         169  -6.2974907568090210E-002
         170  -7.5042783152360501E-002
         171  -6.4285345008961214E-002
         172  -7.4431586549060250E-002
         173  -7.4201312406241907E-002
         174  -7.6514245250781515E-002
         175  -7.7151332510856332E-002
         176  -6.3362952244893411E-002
         177  -7.1148292220967163E-002
         178  -5.4010627634499035E-002
         179  -6.2868155648562518E-002
         180  -7.6233182656901780E-002
         181  -7.1323965426267413E-002
         182  -6.5042579677165618E-002
         183  -6.8978432164538056E-002
         184  -5.9615763682225688E-002
         185  -5.5716003111792645E-002
         186  -7.4289470345818606E-002
         187  -7.8927303781459318E-002
         188  -6.6297620977246938E-002
         189  -7.2814288807621086E-002
         190  -6.8610036410841096E-002
         191  -6.8089089460699248E-002
         192  -6.8615649215867547E-002
         193  -7.9223214325709723E-002
         194  -6.5311202129376508E-002
         195  -5.9523725717154356E-002
         196  -6.1842056352345999E-002
         197  -5.4638782543063896E-002
         198  -7.5559162557461951E-002
         199  -6.2132280599962994E-002
         200  -7.2511078536874107E-002
