           1  -6.2693621317323311E-002
           2  -7.6264136210744543E-002
           3  -7.3798167564214742E-002
           4  -5.8584691968525442E-002
           5  -6.4266413654651050E-002
           6  -7.6668089580461007E-002
           7  -6.7046278385185870E-002
           8  -7.5436304900272450E-002
           9  -7.8447157480204852E-002
          10  -6.3777445304857600E-002
          11  -6.7880907291855794E-002
          12  -7.4394887854135561E-002
          13  -6.8890376313630292E-002
          14  -5.4255142571538538E-002
          15  -6.5577163679018405E-002
          16  -7.3539714676121776E-002
          17  -7.1377183030847599E-002
          18  -7.8913065383479156E-002
          19  -6.1931262047350166E-002
          20  -6.9030923626881235E-002
          21  -5.8898366454162028E-002
          22  -6.8491283446369483E-002
          23  -5.7835250665124217E-002
          24  -6.9843016589411500E-002
          25  -6.2835296060844481E-002
          26  -6.4944272822587121E-002
          27  -5.5876870254386805E-002
          28  -6.2012676767912472E-002
          29  -7.0529207971230912E-002
          30  -6.2307529863148511E-002
          31  -6.1998696685076016E-002
          32  -7.1091011133717658E-002
          33  -5.4932461349202905E-002
          34  -5.4724286497579072E-002
          35  -6.0044881093131178E-002
          36  -6.9647714468627372E-002
          37  -6.4917583432331255E-002
          38  -7.3040820202248724E-002
          39  -6.7009597580068678E-002
          40  -6.5510667097425007E-002
          41  -5.4140995815183751E-002
          42  -6.1600440696563091E-002
          43  -7.7532028472697204E-002
          44  -5.7905172023592431E-002
          45  -5.6315131798625129E-002
          46  -6.9636573195199572E-002
          47  -6.6637090450650083E-002
          48  -7.5343794112976925E-002
          49  -5.3952046364438913E-002
          50  -7.6771382516636538E-002
          51  -5.7718120361423861E-002
          52  -6.6380102632373386E-002
          53  -5.4290940287901671E-002
          54  -7.5614596177107821E-002
          55  -7.1182268830184747E-002
          56  -7.3005151425739351E-002
          57  -7.6547323771205461E-002
          58  -6.5505826148159932E-002
          59  -7.1088493421998716E-002
          60  -5.9787316092937602E-002
          61  -7.9105506709112247E-002
          62  -6.2016678396527476E-002
          63  -6.7887241831596917E-002
          64  -6.7501115323096175E-002
          65  -5.6593754447550271E-002
          66  -5.2944831669503561E-002
          67  -6.8251922443163748E-002
          68  -6.8788871341385532E-002
          69  -5.9942489745655067E-002
          70  -7.0981755860962753E-002
          71  -6.4391883945333045E-002
          72  -6.3353384718360883E-002
          73  -6.8214175210923544E-002
          74  -6.0850730947850741E-002
          75  -7.2281847661550339E-002
          76  -7.5298054314286933E-002
          77  -7.8048906015349875E-002
          78  -6.7578940557094597E-002
          79  -5.3916104385119297E-002
          80  -7.8321576245803090E-002
          81  -6.0858052946916895E-002
          82  -7.5360214216861107E-002
          83  -7.9048699125628258E-002
          84  -5.9276746371681295E-002
          85  -7.6678169086774314E-002
          86  -7.3410965716250984E-002
          87  -5.7705095021464405E-002
          88  -7.4177995358028700E-002
          89  -7.6869285350912447E-002
          90  -7.2104864397338389E-002
          91  -6.8966011056453835E-002
          92  -6.5516869479769507E-002
          93  -7.6162311500506730E-002
          94  -5.8377789622837302E-002
          95  -6.3654714494556855E-002
          96  -7.0452484930406151E-002
          97  -7.5151890275318295E-002
          98  -5.6915912280705853E-002
          99  -5.7184673466197877E-002
         100  -7.3359092942172952E-002
         101  -7.2131227782883250E-002
         102  -6.4185726691113637E-002
         103  -6.3046628091389723E-002
         104  -7.8931030280794651E-002
         105  -5.2738567945227653E-002
         106  -7.8107394114120043E-002
         107  -6.6381026803703849E-002
         108  -7.8577249739129620E-002
         109  -7.1203887221349529E-002
         110  -7.7884893011195375E-002
         111  -6.9991109209522478E-002
         112  -5.4755386062132816E-002
         113  -5.4589524330622988E-002
         114  -7.0648529811168551E-002
         115  -5.2502488604802430E-002
         116  -7.2253782878402284E-002
         117  -6.0621343006813481E-002
         118  -6.3373723966059600E-002
         119  -7.0578857182188467E-002
         120  -7.1835370875571861E-002
         121  -5.2819578560104372E-002
         122  -7.3578005707786651E-002
         123  -6.5829808249065772E-002
         124  -6.5082256727642659E-002
         125  -7.7641661015154850E-002
         126  -7.4932548767328369E-002
         127  -7.6791598517402790E-002
         128  -5.8291731731710456E-002
         129  -6.7951768296258569E-002
         130  -7.0372635340069864E-002
         131  -5.5946050681794958E-002
         132  -7.2857874453314056E-002
         133  -5.4661266060624138E-002
         134  -6.1922698105976628E-002
         135  -7.2974897841029965E-002
         136  -7.8521064462316964E-002
         137  -5.4503506882419624E-002
         138  -6.0495081548095582E-002
         139  -5.5777836408692279E-002
         140  -6.7854803046927051E-002
         141  -5.7384067249426657E-002
         142  -7.9269143043450965E-002
         143  -7.4206052863638100E-002
         144  -7.8209617576036061E-002
         145  -7.8897113158227117E-002
         146  -7.3758174423738915E-002
         147  -5.9761710978866157E-002
         148  -7.6891027631152742E-002
         149  -7.5316562531143119E-002
         150  -7.5987436983681114E-002
         151  -6.6363537602155812E-002
         152  -5.8400083608668253E-002
         153  -7.5757658082802340E-002
         154  -5.8867262079814103E-002
         155  -5.8845949358245955E-002
         156  -6.1301348750366143E-002
         157  -7.8156449529767788E-002
         158  -7.7358529359858708E-002
         159  -6.5720729987573140E-002
         160  -5.7225918234250384E-002
         161  -7.0143891292171662E-002
         162  -6.6301288698809899E-002
         163  -7.3005088137239216E-002
         164  -7.0094151961974049E-002
         165  -7.6897906540843330E-002
         166  -7.3389645168935314E-002
         167  -6.5492432605688919E-002
         168  -6.0354571770417614E-002
         169  -6.2974907581727649E-002
         170  -7.5042783156831092E-002
         171  -6.4285345013697995E-002
         172  -7.4431586563735011E-002
         173  -7.4201312410650852E-002
         174  -7.6514245267606626E-002
         175  -7.7151332515629362E-002
         176  -6.3362952250534135E-002
         177  -7.1148292226631327E-002
         178  -5.4010627654407783E-002
         179  -6.2868155654239297E-002
         180  -7.6233182665345359E-002
         181  -7.1323965438402137E-002
         182  -6.5042579683283364E-002
         183  -6.8978432168467940E-002
         184  -5.9615763688333601E-002
         185  -5.5716003127543552E-002
         186  -7.4289470355609802E-002
         187  -7.8927303792316952E-002
         188  -6.6297620984980737E-002
         189  -7.2814288811242897E-002
         190  -6.8610036416658124E-002
         191  -6.8089089475446896E-002
         192  -6.8615649219937278E-002
         193  -7.9223214331739233E-002
         194  -6.5311202138243749E-002
         195  -5.9523725722993567E-002
         196  -6.1842056359281639E-002
         197  -5.4638782551199222E-002
         198  -7.5559162562196108E-002
         199  -6.2132280604643222E-002
         200  -7.2511078541058663E-002
