   2.0115594045679677        2.1951361183444780     
   16.977289729702409      -0.63355840556060539     
   10.631079608894801       0.83796162347104630     
  0.73142654704480670        15.148500266816875     
   4.2458522083877801        5.0403746005386196     
   7.5833228498448628        3.0532994214938061     
   4.2210523061319476        2.6937436959528176     
   6.7760308512726448      -0.50070882499262659     
  -2.5213032458780988        6.5823136352079121     
  -1.0661535900117718       -3.3194531794272217     
   3.2156258357938929        2.5104770042070692     
   1.7457883462497135        9.3924863902240006     
  -2.9583362836247860        3.5422367440082621     
 -0.42251218294869242        12.806576910750799     
   6.4734983762612588        4.1000290927674641     
   6.8608547098512576       -1.8348093106682675     
   11.543817044599638        1.9085532220380319     
   2.9897464356344106E-002   16.514663059777071     
   5.0038764721177342        4.1075345558781962     
 -0.22004983051086224        16.649103626263816     
  -1.7840435395006002        9.5522194655221249     
   17.316323099608891      -0.25450925361562549     
  -1.7949138814964596        3.7468102135091019     
   1.4934911858134541        14.412212202860058     
   4.8489158424278953       -2.8034921235493946     
   16.252883842271832       0.47281493039938916     
  0.17735542579532693        11.093376191844426     
   4.9334539503313097       -1.1712745318604791     
   3.6915231980653607        6.6577121977408975     
   2.8981155426053471        10.403575097509780     
   5.1343071645907346       -2.2898468046107006     
   2.4348098067887021        11.536447056713294     
  0.60962652685510310        16.705128244371473     
   1.0325264614184961        7.4367315568431493     
   3.2164028767853319        7.4496671426060654     
  -1.2087320241483188        1.6936770770537972     
   2.8482825814657424        7.1197061495571390     
   4.3729144067521970      -0.91431532279751115     
   3.2945441577378674        6.2794251090348077     
  0.34076759471022866        12.675162788133804     
   8.4363992067773417       0.37778018816093972     
   10.533919851789857        2.8143447838969857     
 -0.44614715030343000       -3.1696706436488542     
   6.0409627407378830        4.4085123096462837     
   4.5735099630747929       -1.8418885891299275     
   2.3437960748006619        6.8127214393594304     
   5.7399591493287661        4.4143804808113316     
   4.8754384347586699        3.0296669944161518     
   6.7730479246072308        3.6688243051751339     
 -0.19288295791376209        14.938773488293517     
   10.392008464277112        1.0587640819084596     
   7.2241094995596571       0.90197403970016676     
   1.1924538017956126        13.215817362303245     
   1.5353577525942965        5.8872146606418028     
  -2.5825764395482822       -1.0044163407526092     
   9.5951592619298047        2.7160336478653448     
   1.5365136042704082        14.497283745480214     
   12.106589866068386      -0.40666068935278243     
   9.1689298906851597      -0.17490548004200779     
 -0.73055471932198790        7.1886578273710846     
   3.6790780829193634        3.5914351499221846     
   2.1838727118247778       -2.1795047164982275     
   5.5535206696637074       0.85449735628010792     
   3.3858751699585117       -2.6795080729413217     
   4.8994075894533955        7.4566106302938859     
 -0.96228482814719385        12.913484981458016     
   2.3004574841245136        4.2596694591834945     
   2.0239525546350308        2.9592724706890285     
   10.813435437771410       -1.6711192732748530     
   7.8258075964174889E-002   9.5147049878100383     
   8.8979700764323404        3.8344765634149276     
 -0.39550478394620425        15.593291221690823     
  0.79853876471785323       -3.4295333238996122     
   4.2185125381626429       -2.5226049963270913     
   7.8461063940843756        3.0674967672413302     
   12.465114966420206       0.41567983207870629     
   15.142768921468956      -0.58071062026634568     
   3.7593117544370580        5.3999724907366247     
   7.6429562040082493        2.0098928256557453     
   1.6812627287295276        3.5887049996580735     
   7.0839256020640446        1.1703949681767822     
   12.246858936594656       -1.2324670799072370     
   6.7443605335840209        4.0870161036215489     
 -0.26563138075017045      -0.30977140305367712     
  -2.0957708804817834        8.8647835231510683     
   6.3249267292286797        5.2971337321865857     
   9.7281215400493437        1.6386810815432868     
   8.2459214597393036        1.4351205659022854     
  -1.7907702390030156        4.5248489428628407     
  -1.9017458159290146        6.0218422547660531     
 -0.50431943692970105        10.626490809125043     
  -1.1451623310702614        10.265403983879592     
  0.46917706053007713        17.749991112256833     
   11.176843321581860        1.3319662912070553     
  -1.4849447185106843        2.5992458470847817     
 -0.80872714062290818        3.1203052223985051     
  -1.1342229265334951        5.0968890496799339     
  -1.8553130191287399        5.5157130837920896     
   5.4427972806500895        3.1998644433123236     
  -2.0048852811778786        4.8647382861056858     
  -1.9504049218587614        7.9467821667081875     
   3.4288588995721563        6.8866902637351792     
   2.2838892484711986        10.466391416862921     
   8.7938536321266447        2.9221226215397014     
 -0.15058349899894274        8.4907226965617788     
   1.9260049407205511        4.2473840713571045     
   12.052826238842947      -0.14958098750492965     
  0.86577903133568768        2.9732510962713414     
  -3.2058401985589224       -1.1247166531999873     
   15.797676500502835        1.0120373325019374     
   3.5375964400601969        8.7204812399636005     
   5.0726652689904528        1.4070244696946057     
 -0.48697247993550663        9.4420240146190775     
   4.6088641636946859        4.8993242339802006     
   10.687222159870888        2.7530086587420461     
   5.8438362725611261       -2.0329217486040845     
   3.8724275599225688        1.1466887263150420     
   6.6650411978060236       -1.1259484685036156     
   3.6247755363731118        3.3634487655617074     
  0.69783768229622645        12.237236696657614     
   6.2653490097725291        1.8978202410434104     
   6.1442188124163719        2.7612534738846870     
   6.8188031355470882       0.18272110140714659     
   9.2908905276473064        2.7140648933059506     
   4.5124188896715260       0.55613822469418128     
   5.0022309155605162        5.8727914363085230     
  -1.8416506489189808        3.4639967212072316     
 -0.74320354764599994        17.144862170745807     
   2.0981693551337610        3.0187083849992860     
   14.065784510480690       -9.0871732305286557E-002
  -2.2277263491308594        7.5923355161549324     
   1.6493921108462253        6.5896908181979956     
  -1.3455964267455653      -0.46544941325854738     
   7.2914156297803308       0.73248351777062393     
 -0.49741131679075412       -3.6034700360043450     
   4.3609040094962150        5.7900775930706114     
   8.2379005191966321        1.4966374234892461     
  0.16510578077895177        5.3362249728577194     
  -1.5267700853470068       -1.0462298179048886     
 -0.87156327786487164        3.1815389214943259     
   1.1318001298420981        10.821597250434845     
  -2.1394406139954127        6.2448187648312619     
  0.42838645607123027        9.7296653160796467     
  0.79429240762701436        8.7287617029978719     
 -0.68357776791122760       -1.5739229139475253     
   2.2933335667371875        11.518374660597420     
   3.2257743171163513        6.2003896251985946     
  -1.5148265419155411       -3.3421678929914109     
   7.1780813270036168      -0.94610235906060192     
   2.7944674343575935       -1.2842071357412168     
  -2.4786714684013580        6.6927317390827703     
   1.0063637117787856        13.330828288220051     
   5.3487836906936215        6.1280674473858241     
   9.3303134324527086        1.1764455503479798     
 -0.58144012569758630       -1.3228972469935250     
   5.3688033596951010        2.6166265142226575     
   7.7746226940402652        1.3618066403564244     
   9.7005122474489767       -1.3601194918199764     
  0.71493863858081674        2.3750672886245505     
   1.1760118559710122       -1.6041996227488919E-002
  -1.1587758535216861        5.5127169228624755     
   3.0487707256471905       -3.1210133402368005     
  0.60856977504043153        16.075235966728723     
   6.0680182528491473       -9.4636894984995834E-002
   1.7782709740868059        6.4420095616406172     
  -2.8686012158958061       0.72062995014230502     
   3.7746641768421556       -2.3034354935783803     
   9.7705029713953060        1.6766624045757039     
  0.91292259950539378        6.6192755752455223     
   16.699287696884461        8.6165298693719361E-002
   3.9394783812654044E-002  -1.3106278931345900     
   2.5899117450204354        8.3003850169970068     
   15.157473298161836      -0.88193563427757216     
 -0.74340315938396406        1.3986496835892384     
  -2.5264868618546594       0.60010710773434450     
   5.9294165560040968        4.1996036379873072     
  0.44942909806105868        5.7471812279076122     
  -2.3884805129129791        6.2985879299747385     
   1.1774817361244647       -2.1883806116654769     
  -1.1473694263165530        5.1954088197436548     
  -1.1190354489408176        15.283703998599123     
 -0.55138519475111991        4.7619204804462765     
  0.65768226647149453        10.847003540342104     
   1.2458982418230082      -0.93019540745105367     
   3.5660697152247325        3.0033359310198229     
   7.6580182580169724        1.1009706556766501     
   11.242262267220624        1.9707325949155745     
  0.24557963042479125       0.66414802962415731     
   3.8927238625548801        2.0822851785458161     
   1.0506201064359244        14.134623185330181     
   11.030496871877698        1.4508203201123768     
 -0.80234462196086387        9.7092399083043670     
  0.30576352601919110        14.552235924004208     
  0.90410224301611564       -2.3126372972946823     
  -2.2061470892526041       -1.2820053255366655     
   1.8582443325145723        9.9515590267756444     
   3.4566680619251517        6.1103263599004016     
 -0.71272578640896489        15.963866440964839     
   2.6158629770888995      -0.42776846108481381     
 -0.68248790906951706        10.872272677215852     
   1.3533238252944910        2.7883045898248700     
   5.0576440614861768       -4.6815065734406858E-004
   2.2271816957266202       0.23931056876660861     
  0.83454858167627854        16.907279616136478     
   1.8340231498361499        1.3313688603054663     
   12.614226269062161       0.77088881725752856     
   5.9760853908705771       -1.8415184763019050     
   16.610199840266610      -0.13143991912847497     
   12.001666251981689       -1.4210955995647740     
  -2.0780803998791741        6.6113659416572705     
   7.1493633945789918        3.6205167966179026     
  0.47764332493013750       -3.1660079880247736     
   2.4664190680751572       0.36602304483726833     
   12.258439354042014       0.38505597677359571     
 -0.35695884066176120        14.940753396483959     
  0.55392054447956740        2.8313119061101473     
   5.9187214842377829        2.7624575361915777     
 -0.61925215481958906        14.370415251797979     
   1.2836678720988237        8.8956178784487712     
   4.2748730350489836        5.7588142004272935     
  0.79332914864956816        4.4626546278039925     
   15.388135000505844      -0.50221258632532617     
   1.4612150050931501        12.098147681388893     
 -0.10278368964687479      -0.85738981394346059     
 -0.71748331058667603        4.1675598442472790     
  -1.0553851286681581        2.5762626760643563     
   4.8475559759814173        1.1551855003226184     
  -1.4784508684265514        4.1919132646064377     
  0.23465275233819316       -2.3327717845244518     
   4.8847227487632177       0.90360882236186146     
   1.2005845223761495        7.1308727876834421     
  0.50868511848434839       -2.6959206592724341     
   5.6658023494572545       -2.2476911344734356     
  0.80234443353392315        17.940500612207586     
   9.1068945146116285        2.4399592218292678     
 -0.92507805532630316        12.705388851223343     
   17.871949405138601       -7.5324250048981245E-002
   3.2961629886774846       -2.1379261432165855     
   1.0742478207416077        5.1814639757223961     
  0.91255951378021027      -0.98147528183744503     
   9.4607407760841191       -1.2539775617281022     
   11.257908565251356        2.5996616371743695     
   3.2620621509830121        2.7168647076764438     
   7.3296061490534763        2.7481080216501859     
   3.4248579420661933        5.1377153799009552     
   5.6617081087070114       -1.6537323855917645     
   4.8752539837151572        1.9827961278107331     
   9.1349282268748446        2.4858794818799774     
  0.35643254575167393        4.2839656164140747     
   1.5640586036845265        8.7255520423569539     
   2.6459911663554703        1.5238875323855092     
  0.50260371835212103       -2.9721959722400197     
  0.33587353948924115        14.520630733149879     
   8.6581198489722517        1.3417864371739157     
   6.3575740623133994        1.3466387270529774     
  0.36975820898540279        2.3253178188952530     
   1.5815509850523570        12.206735882980787     
   8.3809050143496400       0.85989227388301703     
   4.3150994747470310        3.1617232820495076     
   4.9555137735529096        1.3647959035951800     
  -1.4227841991575709        1.9172598867044890     
  0.87703774766070364        3.1305696949957396     
   12.841558311414779      -0.13724793537920243     
   1.3018211272304239        15.052709668723526     
   10.886004904506954      -0.75401433796842721     
   9.2198901183055959        3.1870730932838720     
  0.55898681274630224        7.9348928251151012     
   14.385935559775952        1.3266013588491443     
   8.8100255067017592       0.48338907563676514     
   3.1136116113993255       -2.8033525357461455     
   3.2611854341119493        9.3323909919348953     
  0.60996844445049359       -2.5564621476924527     
  -2.1197549228028474        7.8253002608628517     
  0.46843611070718127      -0.69241871471862293     
   1.6567152231183844        13.955492024200339     
 -0.41112785501821669        18.423072980454773     
   1.5085353768487968        10.600786071204803     
  0.11015222850068129        9.5359299475215984     
   3.3104694748676025        6.7728044667141116     
   5.6368108952988232        3.5679384119132127     
   5.7568020058054072        2.4734679074114343     
   9.1981900014619171        3.1097879006396738     
  0.70284864924087564        18.818136320480971     
  0.44360534232041848        7.5188954203787226     
 -0.58578570570604294        17.346025792979159     
   7.4696234030725295       0.19433603055960003     
   12.959194830266597       0.85091988183638900     
  0.76497982908546813        3.1539355207427517     
 -0.42584688313758168        16.600517678467963     
   12.818567913278780        1.6961188912023708     
   2.4154056240366142       0.91103855507347209     
   2.0088092614545694        1.5635084575613538     
   5.8614017297999625       0.40265876220938068     
   5.9184485293319566       0.38639939082166475     
   3.8053059288175728      -0.70302189761082712     
   9.5231360076344593       -1.1126610049322210     
   2.9980875698151594        10.131437205735224     
  -1.4721993291725965E-002   14.086802418814845     
  0.20065568357789321        2.4520183560139879     
  -1.1338201624227109        1.4403791874603735     
   5.2821847251091052       -2.7017549292589957     
 -0.33387963205908022        11.893058625679096     
   1.1781974280589216        16.461968958089557     
  -1.4994128292507185        10.375523078794227     
   7.8166591770331530        2.9353177815044917     
   2.4429056700267138        2.5321315575235008     
   5.5179797220702076      -0.23769987199093201     
  -1.8168565567117492      -0.98715927219331201     
   4.3785771099900144       -1.0475382132080759     
   1.0359833959664835        9.7682190820231618     
  -1.9429940773975407        7.8547680892337457     
  0.33380160239612033        14.005317020781234     
  0.48403478997903138        9.7731047534853115     
   3.1851361512476881       -1.5246238759693820     
   10.515489190193943        1.9744635750772392     
   5.1790708712540825        7.1092246810408266     
  -1.2444951470083101        14.270744402167146     
   9.7755537990048254       0.65443633683544089     
   11.163529593129180        8.9488144094760802E-002
   7.6470799992357579       -1.3598351547265337     
  -1.0777776998138289        2.1146610200612743     
  -4.9262019468228946E-002   3.7413143600513337     
   2.3945537320817882      -0.56024248885215355     
   6.4200855180237477        5.2958717249391807     
  -2.5365525894994692        4.1418107253221219     
   1.7371325485394262        1.8006522401698151     
   2.6817173237599938        9.9192795045080082     
  0.18495905058692497        6.0128998699386340     
   2.6840817059829432       -1.7755999470215544     
  -2.6967243984429099        4.5631321548203587     
   2.6908703082225980        1.5165375773656562     
  -7.0397250934414846E-002  -1.0523828664438724     
   2.9513815090588036E-002   1.9118362025418563     
   1.6303228502975458        9.4170136535345215     
 -0.45615298596744269        6.8651575624742183     
  -3.0630769312023354E-002   5.1717717580055087     
  -3.1901601349337163      -0.45644182842433034     
   5.1171062343714100       -1.4911647131184211     
   7.2588013621239336        2.7602157302688939     
   9.5131437796325642        2.8999286821681132     
   12.222268192440374       0.52443783153938739     
   5.4842213862198390      -0.31751711776827873     
   8.4697514095257134       -1.6852053092944597     
 -0.80337604005987862        7.1099855445131155     
 -0.58660216556458211       0.57959191038687496     
   3.3433889149926426        10.097191857708582     
   5.4303341643265233        3.9623552304022907     
  -2.1529894932568494       -2.4291452475671598     
   4.1148130084348180        5.1267507024172865     
   5.9633976755735629        3.1262755554781716     
  0.80787939345918769       0.79735596915835938     
   15.003132439160861        1.1128014151063113     
 -0.87582531322177148       0.95700888795388650     
   16.898854035762568       0.36738795953243386     
  -1.5319652635172738       -2.6980775341011327     
   7.9610615229864328        2.9514848455511062     
   2.2436480742206779        12.363456171262502     
   3.4420810564081936       0.21643803068040679     
   2.8297272090985617       -1.3923942166339467     
 -0.19456875268152141       -3.2487539136722972     
   9.8246982449828621       -1.7786922594112353     
   3.6395051003679466        8.6489905021508964     
  0.40894608013403033        8.3566582927533108     
   13.522627395177569      -0.93998118088382521     
   7.5607961419489884      -0.73247375002570569     
   14.395707145722106       0.40507554458654838     
   4.5532800004057643       -2.8847004321981897     
   7.8517400949273783        4.3480724916118998     
  -2.8058238071452974      -0.60655207260808419     
   6.4903239576939411        3.7574458631109371     
   3.5196390111133988       -1.8005540216802352     
   4.5756328536938256      -0.64266087825462304     
   8.6400561231294475      -0.94150185761228578     
   2.4879343245116630       -1.2379634603388991     
  0.51609519217230515      -0.65264471513708822     
   7.6945561414053314       0.80086923407429111     
   6.6960197254778642E-002   14.156467830311591     
   13.738403570364341       -1.2182249498967845     
   5.7847251166025329        5.7837658152201357     
   10.824605336711372       -1.2562735033890444     
   5.3111459351305497       -1.7209494166994617     
   9.9643220675736330       0.93588490133209135     
 -0.62103142147092250       0.89982278896268220     
  -2.4391812422552630        5.6631918930902021     
   3.4850711321989518        4.6572687779987998     
   3.2172885828678339        5.6169913831601797     
   1.3255968932880142        8.6679776917576987     
   9.2096252701207462        1.6685567774022996     
   1.9866789074255236        5.3505586162388443     
  -2.8562631454290841       -2.3251254188194448     
   15.000854144476239      -0.72430596408394399     
   2.6774516727646969E-002   3.0314662076895651     
   8.6204251507644880E-002   14.490903682087023     
   2.8666810085821792       0.53190167406971423     
   15.172656671573112       0.89672426250776738     
  0.71181334713983446        2.7551235988231451     
   7.2164647146735801        3.1455713646697090     
   3.4775929395549179        7.5931941561079963     
   3.4167148636102054        6.1931824994188798     
   10.252115917397361       0.99057607419080362     
