   7.0366063361065088        5.0995926905651050     
   8.6304031378664359        2.6283756023927984     
   2.8752547702571607        4.9904215355886681     
  -1.1540106772641923        6.4292191729243111     
   7.7393175557223426        2.6048906560898328     
   9.3084444418698897E-002   6.3640279051045638     
   17.035194621012202      -0.31506388481519920     
   15.351959957920533        2.8063434768793361E-002
   3.0138003131423736        3.9775836900303383     
   6.0797745785714508        1.5134574525568385     
   4.4400316168726626        7.3609927803665069     
   2.0599961603684220        1.9518007648954279     
 -0.62228352282199317        7.3225477021184524     
   4.3541584308651498        5.7880967650969399     
  0.85552770733001138        8.9470379418971202     
   4.3784151643709208       0.34720401421943903     
  -2.8535713515159613        1.5358085410606015     
   2.8774882233388408        1.4572568030569459     
   6.2084511906517807        2.2086927094561202     
   3.0880508120619781       -2.0795102575631361     
   6.6412641896766473      -0.54189470413821317     
   10.895795332249593        1.3620435219740190     
   6.8913987686316460       -1.8848056005690244     
  -2.0529302693256879        7.9676985737423003     
   2.8942862792914386        3.3243532241851779     
   9.0388204181863347        1.3634641704220010     
   8.6006367700496185        3.6280743874048267     
   2.3027917429345606        2.8815613370309863     
   2.7113555666514793       -1.5734647521295435     
   12.149365782358732      -0.17719849876894500     
   1.0795829933015484        9.4268109489676242     
   7.0049521110460731        2.9709090374408214     
   5.7138196286714198       -1.2983049807922331     
  -2.4016420599216515       -2.9619814736880379     
  -1.1724575073674535        6.4059177366172850     
  0.95821964264114312      -0.15552820903417075     
   3.6965858629823720       -2.1953129469507329     
   5.6639608341960770        6.1104790108658875     
   3.8387674923701707        7.0478739500021916     
   13.546300309278861        1.5446354382498115     
 -0.71239902737280092        4.7637945290194903     
  0.40828754619511987       -1.0028881824761999     
   2.7706568228392396        8.2663359571749115     
  -1.4940270277616763        5.6525416319879653     
   1.1784915333127368        4.4410637206849444     
 -0.20514880356739562        1.4416395506254163     
 -0.82799082400288304        4.3006125691932873     
  0.72215940842849013      -0.67613972029518932     
   2.8347657433293194       0.91363717111598808     
  0.19573996893349221        6.6568859959291906     
   4.9307420245821820       -2.4459611165653357     
   10.188438434475055      -0.39988382677204504     
 -0.40148880032239331        4.1158204041961799     
   2.0802858344566535        6.0610120890055619     
 -0.50301863390728663        2.5225125903300669     
 -0.45090583028964071       0.17248159498721449     
  -1.3612584245306492        1.5562028351705979     
  0.52230179252696285       -3.2372603119657959     
   9.2145067678592039        1.1114225476468680     
  -1.4341649710401654        6.0962559484451528     
   1.3347550510720327        9.5585728460968031     
   8.3607986092685938       -1.7047864515945597     
  -1.5554120494573276E-002   2.5678964041564618     
  0.85694715455511927       -1.0740546800833530     
   2.5640130086935122        8.4668974166344952     
  0.59620552902700430       -1.1067102766193178     
   15.568524727979222        1.1961325029881045     
  0.73874654863129541        7.2079857076084615     
  -1.5700462684747420        10.876103324904712     
  0.37916340647268898        5.7054374597239086     
   1.6532187854956084        1.0660505041858861     
   2.6996097367265155        11.567411299381121     
   6.3686290953035911        1.7045825785625959     
 -0.64479943171865406        10.122331387171027     
  -1.4435059104112133        5.3197757162171477     
   2.3766448814797472       0.53362735746656265     
  -1.4127437137792007       0.55491991627698534     
   2.6028706514835016        2.6121542789925809     
  -1.1931978515679593      -0.34721394196549982     
  -1.7734361005467858      -0.73976069547718959     
   3.1092084014100476       0.15128837733097544     
   1.9987303463452624        3.0588155836800861     
   4.0022496426457206       0.88029262234729311     
   3.8928973924809855        6.8452604665853674     
 -0.34614976073040848       0.46413643184007514     
  -1.8774663707982802        6.9401510621577831     
   9.9028076697208700E-002   11.715750267622326     
  -1.2308140439184041        10.681769172834782     
   3.5358999526269534        3.3851350130747480     
   2.8954505407151250        7.4088938641501869     
  -1.1366480278913245        1.1244091406063137     
   5.0785104099253786        5.4357222580045210     
   13.613200849573994      -0.22665415772049702     
   3.1298779573483153        3.7466300796533960     
   6.8130355272591618        3.2629815597000307     
   12.765981180775137       0.85243560160778609     
   10.687690183692631       -1.7622247586264554     
   2.8537993620495530        5.0004808977005073     
   11.553532746264207       -1.0128311743636891     
   3.4698586225690398        6.9507462087379945     
  -1.7268890758462068        11.396550879312102     
   8.9549295267167022       -1.8375577663490357     
  -1.9578701897124500        3.4498806795520820     
   4.2390237757481462        8.0761478275489917     
   7.7227374639772535        3.0741356874495032     
   15.001137939025332      -0.33593242580385319     
   6.5381133470194523       -1.7311150610405062     
   2.5006177410127877        6.5999305048753740     
   4.6559086600425310        4.6712302964975887     
  0.64187275943795674        9.0620549823194274     
  -2.7368067385152965        2.0882013308691545     
   9.3843200245679164        1.0801524416470500     
   11.033337358278327       0.28002319751645066     
   8.2417477156416776      -0.35135872639328003     
   5.9164252312654977        2.3775760455881705     
  -1.1063395454443739        11.492301667803742     
  0.94896248777125836       -1.7881288981484280     
 -0.41722787186654031        6.5220903952763685     
   9.6121867578151239       -6.0352468351265731E-002
  -1.4843318843009858        5.2927018796138636     
  0.77244678966836888        7.7251501344890983     
   9.6403385007625921        1.8017226220717837     
   2.8739506874330867        2.3505193861757170     
   14.338505640858854      -0.33463460340437345     
   9.3703548104531613        1.3632804257980333     
  0.34842055406950356       -1.8185037907034927     
   3.5578370227377785        1.2126561983968691     
   3.3932914665320371        9.0423339723842027     
 -0.42014716992213419       -1.6214666830773101     
  0.74798345968070601        4.8619370783728915     
 -0.53342596295680300        11.333615466608526     
   7.2376963055535093E-002   10.520036598369938     
   4.7960918702568449      -0.47303535663812246     
   1.0073370451751846        6.5135102346626823     
   4.0262301677223551        3.1351069955382038     
   1.1690101818421641      -0.12833667577971264     
   1.0489327947812730        2.9234914118047173     
   12.057719527233283        2.2770110139870545     
   2.6905120597525989        3.9879457788313135     
  -2.7981185222182541       -1.9266276383678607     
   3.0370917472415386        10.674978880813848     
   6.4557628670902183        6.1766626578071193E-002
   1.3473403709785772      -0.65630016350847509     
   4.2614284360604540        3.9619175257153221     
   1.0251713217838820       0.28260772495384501     
   3.7271598834545974        2.8427471625326075     
   1.7468968925184458        5.2894077944065003     
  0.87718999996911284        10.278302757185740     
   1.6296752760719291        2.8516153281185308     
   5.9666827030063878       -2.0766663835627606     
   3.4704554162288281        3.1911883256166953     
  -1.5077529914990693        1.0243254053344208     
 -0.60805835953954412        4.4730259409048738     
  -1.8869705723810015       0.62630252968399303     
   8.6988524007773265        3.8678900789470148     
  -1.9745628851086223        8.2052253722274369     
 -0.71361239345246519        2.7791218006906573     
  -1.5634837440630285        12.524994899728858     
   1.0485070371215648       -2.4393547307226995     
   3.0289728758086549      -0.13694689509875602     
 -0.92270000622876980        10.450776838778379     
 -0.61103935051440095        7.6049723060336323     
  -2.0305723365238530        1.5130720531029165     
   2.5003383765676461        5.4870138601752263     
 -0.45609797153317633       0.66941046232468837     
   5.8708805526278773        2.8630759377217694     
  -1.4688235076748586       -3.3519036861022320     
   11.983000396361073      -0.36290012753421941     
  -2.4527505270388801       -2.8599732299454663     
  -1.6044618450483252       -1.3790532989809368     
   14.500328854694510      -0.31666685182630205     
   12.262347329373844        1.2838072871636297     
   5.4916826388562257        3.8492193094870397     
   7.6083496542688422      -0.19118916150084875     
   2.3397098667862157       -1.7882041084552909     
  0.47522408242125325        1.1008333520148610     
   1.1953599844922160        8.3892624022545945     
   8.1636442677302483        2.8113857728478835     
   5.6724617836167397       -2.5176368157164779     
   1.2180497293536816        3.2227849448331871     
  -1.2515463900496764        6.6987960246239506     
 -0.71151107077546349       -2.0819523229069579     
   5.1917171792926649      -0.14119716450429953     
   9.3454958379871673      -0.75198110906160220     
   1.9739533539222855        12.159942916107656     
   2.0808404820676727       -1.6674034024124542     
  -2.6593607453391881       -2.2670477586297055     
   8.6499381084494473       -1.8452003707507147     
   7.2146408399376387       0.45703430675255730     
   5.8185843501390373       -1.1703020395904433     
   5.9708600150821045        4.1183787950961008     
   4.8987755710654728        6.1674597896254006     
  0.90282148055530032       -2.0356464209488432     
   12.499247841846312      -0.54766168419784789     
   5.0707576715302753       -1.8467971508321033     
  -1.8166941435676942       -3.0555703798078149E-002
  -1.2465392391751728        9.6271586317351403     
   2.3026266391619123        5.4571840123637347     
   1.8349977998988591       -1.4330970126489788     
   12.372221955879846       0.79210910848254512     
   2.8005542900700902       0.41468060365176784     
  -1.7948999652712156      -0.87638935005208740     
  -1.9326799124714602        4.4084241807656923     
  0.11206908897923595        6.2390845604467309     
   1.9191245280716136        7.7447928138725111     
   6.4290022350566964        2.2908526855638782     
   6.4213117983921375        2.5201567267326044     
  0.73579353849934259        2.3330627747470500     
   11.611849795088897       -1.5102169642284586     
   6.0765839651222358        3.9980454356263464     
  -5.2646986750074731E-002  0.38581705054347593     
  -2.8837811076257918       -2.3666054841893795     
   4.1676166538117876        5.7002430445793042     
   8.1661919923548965       0.15759300863729964     
   7.1057749282813880        1.5131103112711153     
   1.1639546564059966E-002 -0.50823841464059027     
   2.1008584108125539      -0.95485761696812643     
   2.8058900670048579        6.0409855120389189     
   1.3357359967848326       -2.5745630495183627     
 -0.27832634369065801        12.005582065991756     
   2.2108837568903437       -2.9555263424040730     
   3.7773770198149692       -3.0647109179798511     
   13.509543874496570        1.6351126453346052     
   13.254830152124713      -0.18870957748948491     
   3.2463012367282622        6.2551173119448400     
   8.8351114898010117       0.39330956801038530     
   10.902762284584178       0.94849732580315527     
   5.6099475697677263        3.5447691180379484     
   2.6706577527817950        8.1282561404518621     
  -1.4318103301163656        3.0421623409314500     
  -1.5491038283643659        4.4602755079614784     
  -1.5527869239006022        11.633672940562771     
   13.343064705759650       0.88597070616081153     
   6.9766946406843910        1.1324427440487841     
   12.241817359500589      -0.54879842651720923     
   2.4191968098337502        6.1827829247596107     
  -2.7388738396596191        2.9904086037264226     
   1.9479104729745447        3.8426472639743356     
   8.8378562695237246        3.5478273693951867     
  -2.2707604765519642       0.89195897528853818     
   3.6919609015220178E-002   11.390309287882504     
   12.284660762170750        1.7536048819607735     
   4.6028410499239545       -2.1067879179947933     
   10.750728102611344        1.9457850196694797     
   13.337621603148351      -0.18122019508850240     
   7.6247228235690763       -1.4526938677060866     
   5.2786519660034745        4.4663539603172460     
  -2.4614857663182397       -2.7836016875599952     
  -1.0260431713824905       -1.5902514179988922     
   4.2114797891697258        3.7044986301865035     
  -2.6001883790721765        2.8785122613332974     
  -2.6826437207481231       -1.9334813620929179     
   1.6210554021443051        3.9828601761064246     
   5.5507045754686946        6.3243895981020568     
   15.608672351983744       0.45833355568993772     
   9.6886715556493836        2.9502022112553483E-002
  -1.2501162614250725       -2.1189614356408457     
   4.9142844281640059        6.2902904157099204     
  -1.3643544729805086        11.880241494847370     
   1.2989225750045361        2.0470525607429715     
  0.21243467676511152        11.937345466245445     
  0.88144652208121643        8.7954745242336934     
   3.0235546132588413       -1.7515638651617471     
 -0.65466356495163325        8.7751194069680452     
  -2.0695099227022205       -1.5403321164263137     
 -0.27042703023129055        4.5216677433173320     
   3.5723707698629501       0.30311736589570115     
   2.5225643011404828        4.1278523626600148     
 -0.45989437414869183       -1.3388128596311937     
   1.1287039330099540       -2.6667564886306048     
 -0.82231936877698741        9.8559733759497270     
  -2.4741294457783836      -0.20057578731137093     
   8.4117820102991825        1.2601217543427805     
   4.4045874269773346        5.8929341823773367     
   10.039210089392650        2.4337815813573171     
   11.816965421618010       -1.4366980921584775     
   1.5361774269981683        4.4983750759749945     
   5.7854442869385192       0.89815144031764627     
   3.2140487560631761        4.0334358602048059     
  -1.3973174061759284        12.393055477399068     
   11.731467660303291       -1.3993123059805690     
   5.1923141196193825       -2.2866449455548814     
   3.0965721209289163       -3.1219625343060140     
   6.3678768430198396        4.7275588555151096     
 -0.97232404050919596        10.753966684943482     
   12.681130515998197       -1.0411173222336192     
   4.9422174000481114       -2.2236717585277255     
   2.4265564257988639        11.195454490324954     
   1.3487146544142345        9.6425704187992558     
   7.9948534757277461        2.6548806701621017     
   9.6089221369522502        2.4389931886386003     
   2.8753782872204385        7.4879787890242966     
   9.7947906927251083        2.3498901891150088     
   12.855646035592903       0.40902424358908140     
   3.0257411370637946        8.7458601914026470     
   13.615512721676991      -0.66680086482754009     
  0.29386214725772319        7.3466816289186738     
  0.87916954473870179        1.4334827231207012     
  -1.9983730639186348        1.8697099633027094     
  -1.4381496946460739        6.2604894262483342     
   13.326962180644133        1.3465868722497967     
   5.4618329948433253       -2.6586529839533357     
   14.075170060606576      -0.69249048626839960     
   2.0818840049918328        4.6949326061922623     
   7.0129865250448127        1.1472973266085158     
   4.5504544314879922        4.2004335073628294     
   5.4583809320403436        6.7570346063855276     
   2.5824004006383201        2.3670249028789239     
   9.6087013258024374        3.4130726211665006     
  -1.4422699797232108       -3.1195973491521012     
  0.21359162707893109        9.5374927218550347     
   4.9369628585311318        6.1706241584632888     
   2.7665835593988084        9.9330919048829021     
  -1.3786282285856386       0.66711434687462878     
  0.23146795912849649        10.567837814616725     
  0.46865543999169779        7.6205195455136252     
  -1.1883795927548171        3.4703498972375839     
  0.82295146600246794       -3.3050702847283757     
   6.5834360948796480       0.48385446210736438     
   12.208161716609812        6.6496480754221210E-002
   5.7335623582556856       -2.5244193720701564     
   1.9927698585691078       0.21934365262182220     
   10.891339642113708       0.65124279979936039     
  -1.7857721591195335       -2.9728125073724341     
  -1.5948430770757505        7.4886113718073943     
   6.1648737099926247      -0.98055506838469642     
   2.2202102414524387       -1.0647922141097874     
   8.8832153341726254       -1.0524261047658454     
   13.020506925959760        5.8443221672644707E-002
   5.0873177966262215        4.2113806256925326     
   1.3707655487115615        3.0931779241720663     
   3.6431926243567907        3.2262161486513006     
  -1.6543010900498272        7.0580796624244009     
   10.890516349249067       -1.5365771168822633     
 -0.63210587169938126        4.6682203087089214     
   4.5886216458587583        7.4023752807789585     
  -2.2561759368610774      -0.43816170208434135     
   8.8422436923344634        1.3385615055939319     
   1.8833394746179910       -2.8836988926685185     
   8.9914520733218684        1.4007791937368386     
   4.8687654114629577        7.4012230332331530     
   5.2363479002448656       -1.1733855264628414     
   4.4126341925838091       -1.9841489242188572     
   9.1550809348016173       0.31728236807125887     
   6.8817670282448091        2.9083153124828356     
 -0.91406558515704939        9.0080701318076777     
  -1.8436910654861878       -3.3363200754972233E-002
   3.2013916879147666        2.6393393932039975     
   8.4210286301660418        2.3889912800655781     
   4.9558821895529022        4.3087889583901440     
   8.8746933602817784       0.33992439194299040     
  -1.4506585987390495        3.3980120668755798     
   2.0828682233840747        3.3641911236888284     
   9.7900807930001150        1.2957344649338389     
   15.053606762430396      -0.10379926548659135     
   6.7375104224859186       -2.4755535836796048     
   3.7925139902495117        2.8028841508702755     
   11.273662358576431       0.58328723129904825     
   1.5284727340291808        11.259773144821956     
   9.9386824218472452       -1.1757911746401160     
 -0.35742442719895351        3.8071712000900333     
   6.3070945664250946        2.0566355677637715     
  -1.8221862766874841        7.8583163629722570     
  0.64531470151492387        2.2464968742108877     
 -0.68927159207902733        7.4889540139533572     
   1.9097780847404331        8.7694725207530269     
   8.6938747903141209        1.1446757191423953     
  0.64820713022456466        1.3507672782602254     
  -1.6323187128004570        2.2785447012309690     
  -2.3092900802616798       0.99644116129930937     
   3.1694100466958015        7.9468858455159452     
  0.83878873342710092        3.0908337258155165     
  -1.4934836587805971        4.4431640754846828     
 -0.82325454459238134       0.22587140523471616     
   4.3834582712763499       -2.4175104366358426     
 -0.38914112333432005        10.411650575544398     
   2.3240911268260924        12.049262914624126     
   4.5711430612445128        4.9768103010768243     
   8.4527613995438280       0.46681788323862827     
   3.8762978775576689        8.3241610192382023     
 -0.86824836761668900        5.1823651902556893     
 -0.68107443636447051      -0.22221358930941859     
   6.2329122351616650        4.1668451807472362E-002
 -0.88118222954455305        7.2362650689895123     
   4.4485410833603130       0.30081026349351037     
  -1.1310381254971662        6.9109615251525174     
  0.63757140330720397       -1.2745523261244429     
   11.562187783136075        1.0908797657789333     
   10.934509844577418       0.28759315539429808     
  -3.2081217787525915        1.3285459933960486     
   1.0175122693312333        9.5450724719906148     
  0.53651392004396126       -2.3302791180749240     
  -1.8461416954491554        9.9854560940506492     
   2.1029161062790913        3.8733030103413983     
   10.541641929780665       0.24320902725677396     
 -0.65071480605744236        5.0619829931642197     
   15.491349821487463       0.60575751517521903     
  -2.5825149863451031      -0.39455393076479828     
   8.0961643780472770E-002   3.8908655132600054     
   2.6421051864131706        4.0434688752690953     
