   15.272776451298526       0.79757221810925616     
 -0.60807463658965411        9.6124981070982844     
  -1.1690460275857553        10.228650802994068     
  0.59237777201308273       -3.0183613128668356     
   15.016603015785225       -2.3405988992387883E-002
   3.1025667987223926        2.2801149801360636     
 -0.19348840473142515        15.292539556500982     
  0.20672659114231573        2.5327236186156603     
   1.2568356274806911       -3.6123518724608803     
   12.073271107548489        1.8817772331036946     
  0.25020235610732122       0.77233488896736224     
  0.83988291505197044        18.004087058696129     
   4.4750256886530373        3.8754356624332913     
   7.0911157311698245        4.9152481766359273     
  0.96529742583279976       0.28590063748435623     
   14.010089167395694       -9.2732104320405462E-003
  -3.9333628533062104E-002   14.271597370632774     
   1.2694769752612540       -1.8316436859122496     
 -0.92965031756488337        12.010383546036429     
 -0.59413899098676914        4.3854947588701148     
  0.34569851050967859        15.692532038551748     
   7.5724387990503983        2.0009742998963254     
  0.60527375712580467        6.5115118257098068     
   6.0591613660887615       0.95755974197075355     
   3.4927696581877576        2.4433103415441324     
 -0.94516158294176345        8.0616053403898746     
   6.6637883040367845       -1.0572579701329028     
  -1.0695482714505475        2.0072013263049864     
  -2.2306659835045117        6.9134110496774568     
   8.1196225405624673       -1.2420629550937425     
  -1.2645527285992384        5.1269249630026756     
   14.297240895263876      -0.42445090724642354     
   3.6590301910682026        8.8365256258408067     
 -0.88152187025014062        1.7745891117244903     
  -2.4494513192873595       -2.0195544914219448     
   7.0365756562709150       -1.5831303503711509     
   1.2316472778999588        5.3546343727894214     
   2.4162428552744082        8.5040807164298933     
   1.0778595799867698      -0.86142837480698997     
  -2.6794380455901061        3.8113623649111523     
   1.1881668714948130        15.121877047613735     
  -1.6217048971531500      -0.45744814506713638     
   6.0761129930089579        2.5241732542139199     
  -2.8049620771354977E-002   17.370632289314944     
  0.31631199259968090      -0.58400546873448445     
 -0.45516381009035056        13.091164274284397     
   3.3466428070873562        5.4776794246211598     
   2.9602582461103477        6.6812001523254452     
 -0.43622537656592275        1.5050342463458972     
 -0.94908202943816411        6.4465967828173376     
   4.5455910342029808       0.85332918829463056     
  -1.7660995541976774        9.4523681793770837     
   6.2572812535866591        5.0138729899264227     
   10.040700016933080        1.9770436265761586     
   8.3879175032794517E-002  -2.9182526134565956     
   5.6281095331790025        5.1750811347338743     
  -2.5052696175022620       -2.4145127788794012     
   4.7992297610460009      -0.34932763356258079     
   3.6749012749464294        8.9613951366363409E-002
   10.078395136459076      -0.53981324875002024     
 -0.49437668188249040        10.748812605243591     
   1.1620014622125527        2.3307558112986775     
 -0.22795193951423887        12.131767742208734     
   8.2949781308473831       -2.3143709681601883     
   1.0248304850154968       0.79166322420820956     
   17.978371530476252       0.29613576840389078     
 -0.91091012167739160        6.2412601867575432     
  -3.2361732375862182       0.99345845141827960     
   7.0636243017944720       0.27512773884012454     
   9.6151518742162594        3.2416493434008591     
  -1.7011495572969104        11.609504702868689     
   4.6519778071376257       -2.6168174266009689     
   9.0938406062544388        1.2206343246736568     
  -2.3044190559622271       -1.1237565468516433     
   6.6662016012233591        3.3512691275663777     
   15.752141564351870       0.85515950806853480     
  0.77851783232390481        4.7477068191212144     
   8.8398280136402718E-002  -9.9758931801808171E-002
   9.0248787526257566       0.79735782706359126     
  0.49382926431000529        12.835881695981785     
   13.892594463407857       0.76082017785700407     
   4.8523803550570532        5.2404595922481665     
   5.1849659078136883       0.94112345152060906     
  -3.5333060854366050E-002   12.403782555371210     
   6.7451121218132952       0.82001841684122523     
   2.0571450702931200        6.4680675360479274     
   14.713532345285220      -0.76821581532635541     
   16.464672661119639       0.13666640671332830     
 -0.33832932898359447       -3.4208486062797303     
  0.47096432612208616        10.467576342692354     
   7.8925887200451248       0.58640345088414003     
  0.32567229376676465       -2.0999774567857239     
   12.997858960393732      -0.74433330650079910     
   3.6862060666104526        3.9901343762480805     
   4.9863269837418089       -2.6084363386812290     
   2.5706507420537559        9.3285013524968843     
  -1.5770418461669515       -1.9334335118589505     
   2.5055140354136514        2.1825199753162363     
   18.166873179375226       0.13559339770228496     
  -1.7597651723487451        11.009855058542325     
   3.0181872642124272        2.5756446441021494     
   6.1742183685049570        2.9624223102121392     
  -1.5169469431443661       -1.0680761221787516     
   5.6594045414036929        4.8113399355292028     
   11.867455831873549      -0.77650160611618579     
 -0.29870661642550767        9.8301836999904957     
   13.254949428421025       0.67809933399346756     
   11.637093698999383        1.5019199435437218     
   17.080487235777795      -0.35571736786938413     
   5.0185589673347595        2.5363725955410152     
   8.4635435108152350        2.9202751867795560     
   3.9652283557037462        1.2962170582398840     
  0.92383486357121214        1.6682490933259460     
   14.139369524924664       0.33549793836679642     
   12.696570936839418       -1.2128587767827694     
 -0.77839550192038942       -3.3179324999574433     
   1.1993905011149097        1.7099041536301303     
 -0.63862010268974378        2.2900822375108443     
   3.6304696757810531       0.12549771244561825     
 -0.41192412657680766        15.520480901879074     
   6.6340491469577989        5.0065636805265523     
  0.37994036936238018        1.9075313824785556     
  0.88029294482610965        7.2244316613504118     
   1.3758745269180581        12.587822696025027     
  -1.4980010612397303        1.3005424031016233E-002
   7.9348999454536440E-002  0.12611127456274662     
   11.559213383506680       0.90209806685928973     
   3.4495143207567418        8.4200085646911784     
   10.149787783957326       0.94605554205558962     
   10.034277294079388      -0.25534499376074660     
   7.7922503668307934       -2.4536430668567304     
   8.3616103872544052       -1.4297449236290456     
   7.8090922426205500       0.29964987434918022     
  -1.1992933376298551        14.765403795793675     
   1.8619832792446536        10.075268318971471     
   3.3570844326943341      -0.42146907172301340     
   9.7997806140514676       0.90756346568154234     
   9.8092139580436744       -1.3383031693053922     
 -0.40700891974725950        5.6310150227405185     
   1.2558042780097747        4.3796400727492468     
   4.4902456612929784        1.0123327580520782     
   2.9928467331639110        2.8464431313245933     
   5.3114030288339515        6.7048652151895265     
  0.97571759542798464        7.7984063486384247     
   1.5597814094712668        7.8682776019450706     
   3.5341882616185121       -1.9344478529038565     
   7.5361684679542433       -2.1624720466990057     
 -0.40152322911738780       -1.7209242179825928     
   10.015314460072688      -0.23223513027562781     
  -2.3981399199250175        2.4084591179334764     
   3.4023653497926016        3.2306754914285931     
 -0.73891546485464499        10.576378808533203     
   15.139428511038222       -8.5002856732159682E-002
  -2.1080494527658447        3.0882509364720039     
   16.103926607427567      -0.42185412312857151     
  -1.7689428741380728        10.416487794050871     
   14.975706111416780       0.83776034924021348     
   4.7870478182893832        7.0943323161683782     
   3.1631516453351320        6.7767491422143955     
   3.1601126825409267        1.8330069571588301     
   8.5754286265499289        2.4541405952483903     
  -2.3837203318016660       -2.2856537639597225     
 -0.53385553758818860        15.527420252042477     
  -5.3259084670271406E-002   10.993877258375017     
   10.973299683766555        1.8060113817611296     
  -1.0771663160977152       -3.0557375698103995     
   9.7992743755894303       -1.0817927676135337     
   4.9053046201874464        5.4239193103501098     
   4.1328627567721306      -0.81149014208728421     
   8.5865347000676024      -0.12645223924923510     
   5.0702994652379099       -9.7868914100752935E-002
   6.2999021878810391       -1.3606558924295475     
   7.2944330272252822        4.0505791630369039     
   9.1529335738824749        2.9822940808597553     
   13.842399562557407        1.5800445254722049     
  -1.6404394440564249        9.9893858093261549     
  0.92582543776718840       -1.3618693270159064     
   1.9283321561939069        4.9549893063529176     
   2.4254480000696859        5.8566434864172461     
   2.8073597784064068        5.4106653067547281     
   7.1321664643079439        1.7225847077688408     
   7.1015304363985861        2.5365238252668845     
   1.1028741354364975        2.9936911567727926     
  0.57826407784555656        7.7849739564330420     
   1.5852997528608181      -0.56049121516409350     
  -1.0065036550079838        13.283126083499790     
   11.907035232017986      -0.26620033413792843     
  -1.0170397682116921        3.8039718911637679     
  -1.9519394665630012       -1.9207099202392270     
  -1.6813358859872030        5.7475778624952714     
   16.352948167428885       0.11914065146420372     
   1.2366297359054634      -0.17428087621497612     
  0.60474026208626697      -0.95607624569476402     
   12.811071366719467       0.38001758987534950     
  0.20688164706929424        5.5179534824650514     
   10.849406155193780      -0.26656406766438812     
  -1.2454554773993038        13.853006911054161     
 -0.58004516283641516        12.033068927567143     
  0.37092715036593882        1.8859989809486399     
   11.976602733670376        1.4702314473619880     
   7.1988183951976845       -1.9220788946787319     
  -1.1279126735096057        12.187969421496833     
  0.59233030215393523        5.7472772342151544     
  -2.8852181964864045       0.99838295738443295     
   4.6168095122769515        1.6912069718867984     
   9.7487138375515485      -0.68394969035462472     
   3.6917925329379457       -3.1151431634325046     
   7.9447216901946200        2.2566243412375147     
   4.8465563803699263        2.1588030084673808     
   12.582115741129293       0.17169853724309636     
  -1.9034958793631653        2.5381592727880586     
   3.9867655992290825       -2.4779092145952570     
 -0.61297487500226611        13.771658763952862     
  -1.4354491830533367        7.1950111746843124     
  0.67029972821170425        9.5361745643757931     
   1.4832580555429331        5.4560217117711911     
 -0.69898876173032409        1.0511340862967287     
   6.4393658516064418        1.2624074769822671     
   14.606013411542040       0.22184692430391317     
   5.2308891670600888       -1.6113667659445068     
  -1.5700865441644023        11.206805017325703     
   6.1728783644180742       0.81283785462212199     
  -1.2838033331154382       -1.4337694775545038     
   8.6145530043832217       -8.2561626166811397E-002
   10.817960964127330      -0.23119836907467617     
  -1.4206364868884813        10.266259972922800     
  -2.0384220314017951        2.8520254211283427     
 -0.29748332543711919        3.7417670953068547     
   13.657491541422647        1.6501481697359277     
   3.9481021494263073        3.4094310412924087     
   5.8534745154576013        4.6171462686244276     
   2.1473528833072759      -0.74316385395677598     
  0.34105257923873955       -2.5527199738770228     
   1.5539930753927829        5.4985473621753833     
   7.2382315745465453        2.3390501736681313     
   1.5708701435543020      -0.38745030451201190     
   15.427172752730652      -0.84810578221593280     
   4.3339510376428603       -1.8203858049296784     
  0.68257371752473794        2.9438031995793534     
   4.3184268274622184      -0.50025808156591900     
   2.7524145880010300        11.299580708230136     
   4.0822819193584579       0.81119220896911104     
   13.746584002566088       0.91288419843741986     
 -0.76235909244637456        6.7513025492217977     
  -1.8560630001377754        7.6049865278118904     
   2.2016886431595752        12.373738845230582     
   14.843843522499458       0.81376662447428183     
  -1.0772402128735941        11.110610287956762     
   4.5731059741885094        1.4495987345128101     
   1.5159680711481025        5.9435338734846628     
   2.9010226955637091       0.54844358271251670     
   4.5905733935327699        5.3050271797703807     
   7.1788946921465611        4.3846449754546732     
   7.1375040943469790       -1.3243220354434739     
   2.7603571242775908       -1.4841040361706694     
  0.31440885855510015        3.3322133994836549     
   8.6915074881617045        2.2998286810241457     
   8.2404531963252907      -0.73375124843379780     
   5.4429932865932784E-002   3.9147406738445718     
   1.4254599651431397        3.8312563440597018     
   4.6650900276079543E-002  -1.0061465696618757     
   7.0190726797674889       -6.5039433629270782E-002
  -7.4655323907721893E-003   8.7508305993465481     
   6.9022494864228721        2.4122494751231076     
   5.7590917385846003        5.7257677467201109     
  0.45698714348918923        10.586386468269945     
   8.3814825600621532        1.0776333501774986     
  0.18372484198526706        10.753147873606450     
   14.783548087669416      -0.55956758628407188     
  -1.3770509323760289        3.9438476627798953     
 -0.39677060792442420        12.906358108733853     
   4.7030219189367672        2.1558910575991930     
   7.3369889026689767        3.7008731037636990     
   4.4979155592706155        3.2482701185371492     
   11.310177288429784       0.36694405478197512     
   1.2344241970677139        12.649958646695344     
   9.2541012732625276      -0.79546419246838207     
 -0.13276553270075908       -1.3814891323237211     
   5.4390509912128069        3.2473334538113394     
  -3.1880727625618555E-002  -2.6098388979780989     
   1.6851339993554442        7.1820862448455678     
   1.2066162170005619        13.855972254139898     
   15.690773642266496       -3.8575950869899511E-002
   5.3238173367309143        6.0792073934239070     
   12.497630522160968      -0.54747283476165043     
 -0.33868971050279573        9.9363191518510554     
   2.7659137015665358       -2.7716373304909308     
   1.1921860689290869        14.658137064555484     
   13.623670172722242       -1.3176712121580181     
   2.1327183880653013        3.7894732765206469     
   8.7914868473768699        2.8572708928123816     
   11.533852841592584      -0.45413277119572726     
 -0.77991414487553312       -2.8356854409194354     
   3.4600665253565746        7.5977940575557845     
   5.7903832228121592        5.4793626259721044     
  0.66239601458867536        3.5772841867835496     
  -1.8086891026076231        7.8877042426453130     
   6.1917451753654094       0.82503715189212157     
 -0.59629444484812666        2.2414107471132492     
   10.092434626558827      -0.94362952471540984     
  -1.3242129935114995        1.8641334469006394     
  -1.5288180138166130E-002   15.856430426428117     
  -1.1211684659646650       -2.5135145634469467     
  0.24584443651350885        5.2129079532656366     
   3.1528012447272786        5.0629516876957190     
  -1.4491596806737876        10.598140215120281     
   8.8223852117705057        2.6489204212651978     
 -0.30133467645755863        14.154979112659634     
   2.9713406884675910        6.4849391324425891     
   2.5076966396165901      -0.49816616257816460     
   2.8720644647223752        7.4158470268561167     
  -2.2742267310839868        6.3549287692350358     
   3.0487540744601604        3.1635091253238028     
   1.2292589350892316        15.347821568423496     
  0.70844615180108050        17.503389439337553     
  -1.2590357325044628       -1.4462671959151812     
  0.11691545973092143       -1.7940540883572442E-002
   6.7036459677636815        4.6196496232571640     
  -1.6838049192859332        9.8077921009577125     
  -1.1935229190636116       -3.2754760681089676     
 -0.71172404112983134        8.5582402701516731     
   3.1419107281668275       0.43901168377459543     
   1.6715367870876987        10.115955147366661     
   11.726982140442434        1.0337854706501761     
  0.35461238705322806        14.171727212463926     
   10.624306617654799        2.3395519847507118     
   3.5079958591511158        1.0407913764653434     
   12.640422403280265        7.2297390549068030E-002
   2.4163708968715616        7.1037392907551542     
   6.9878975938260366        1.0625069768859388     
 -0.24525248843394731        14.182019566981877     
   1.5406973082606354        10.727511736833467     
  0.45853420832259983      -0.92642249324749937     
   1.6159393472637431        13.183000539880938     
  0.78953976197963804       -2.4961362303138621     
 -0.80128223430412193        7.7203760233602683     
  -1.4437907813607029       -7.9952484406712099E-002
  0.88010145078819679       -1.2826508212398631     
   12.185747049889262       -1.3052387511327774     
   1.0928483461632004        16.792825350347790     
  -1.0849268315287737        10.462219741494435     
 -0.11897632654710311        4.8305710872808127     
   1.2019914985975708      -0.89708132055251566     
  -1.9771809430037384       -2.8889765368285580E-002
  -1.9328006388850383       -1.2461295447759602     
  0.10166288246857480        14.956060052873598     
   1.2248028533281543      -0.75065873872162747     
   17.350962441579505      -0.31937767363248915     
  0.13031973693687116        2.3359686532204731     
  -2.2207219336845752        7.5796338084472179     
   2.4761460051098325        8.3599403388125086     
 -0.82896209941305177        11.085907373739586     
   14.879031522647882        1.1076407769769561     
   4.7967477898793094       -2.9547189439958754     
  -2.4680023356040750        5.2532792911120119E-002
   1.9572961094232051        2.6499210044353032     
 -0.89097793818874793        15.569376153954613     
  0.54493343963954910        6.8749250373440880     
   1.2137588096664471        16.697960165662533     
   6.0014031100666445        3.6430651049624934     
  -2.5830621196065091        5.1097731772788411     
   3.8909572887582708        7.3826429987072650     
  -1.9018589256118505        2.9874287482593220     
 -0.18315360430220107       0.70016815895342210     
 -0.81232145606746187      -0.77548764963411676     
 -0.24086230121185714        16.468721344515338     
  0.36338015053310535        7.5422396104940894     
  0.90990880998427759        7.5859911432880711     
   15.008630599296012       0.64408916285304896     
  -3.0521915591012330        1.0003684038926504     
 -0.82526082826258351        6.0306160751685862     
   3.8556390136497889       0.11274314898318405     
   9.7326772709583480        1.6852180539671466     
   1.0526400220007242        14.957815381981815     
   8.2327705104359055        1.4164395303716133     
   1.5700292987763316        7.2167622906995685     
  -1.6731617010883564        3.0074803308355631     
 -0.33730541196648645        1.4441352095490543     
  0.20524131124500400        18.061993440676968     
   8.0787796677826300        3.7061789754453844E-002
   2.6899376318706274        6.2316277673855751     
  -1.5957893923698567      -0.29382266922087341     
   1.4079624654292582        13.996831591145275     
   8.8327200860756108        3.2417692388163810     
  -7.7791304967321118E-002   16.038729537803977     
   14.493071888747082      -0.71888813990829714     
  -1.8818474068789657        9.8024951516918897     
   3.2525350253388394        1.0821568641712678     
   4.7594640487338866        1.3157471141902355     
   3.3636137828671417      -0.87731252168052531     
   1.9818759500226868       -3.1892855052931828     
 -0.53863588254381334        1.3550371373591967     
   3.3323327172350750        1.4149918916384228     
 -0.28717219077987677        8.1509818592967083     
  -1.6723268762419712        3.1537274413541918     
   6.5128759284976345       -1.6804997780434481     
   14.109999109447735       -1.1203044799915887     
   14.057300534910194      -0.95349733422529948     
  -1.7356675440612683        1.9687402128113356     
   10.610106138153387       -1.4201750116138321     
