   12.946106355874269       0.65203294679087176     
 -0.15590087221448870        6.4276607081724801     
 -0.14112354594704121        7.0014390566615203     
  0.57802621739342741       -2.4541949673000731     
   11.623447799768071       0.27997185356093846     
   2.4520038204565360        1.4799381069679320     
 -0.24227714829137795        12.462097819668294     
  0.47521260534046955        2.2808647179845991     
   1.0995608209910390       -2.6975988172023078     
   8.6770477509792059        2.7122353372210184     
  0.18334202518864093       0.73848104810182491     
  -3.1605235657376327E-003   19.677282525078382     
   2.9632042172629394        2.9003630645417209     
   5.3997145512195486        4.3979412948335774     
  0.69084387978346495        5.4145704375839231E-002
   10.494878436340098      -0.18125079137189679     
  0.16545826734894112        11.155156529525700     
   1.3340272717874579       -1.7573372209856568     
 -0.80305501487995168        8.8385753417048019     
 -0.34447295213470219        3.2058549413519573     
  0.50951654638642496        12.758166447569858     
   4.7696361640800111        1.1654721151998595     
   4.0712339060774157E-002   4.4776113431017954     
   3.6849375372100996       0.92140008354973213     
   2.5989510033889918        1.9442107869334246     
 -0.53649686923576290        6.0056311314681174     
   3.9071984686383336      -0.86815993441748907     
  -1.1348705338671234        1.8031921965843383     
  -1.5525158634560603        4.6384736820480885     
   4.8168090186329460       -1.2409814756496271     
  -1.6062481298944733        3.6695156091509453     
   11.082324717784369        2.0258897728251575E-002
   3.1692765342752023        6.6175150049062106     
 -0.90008687289594869        1.4134321620241392     
  -2.2347803990013726       -1.2825179702959695     
   4.2194172157777698       -1.3093433850354113     
  0.41175421825177744        3.5472783961312047     
   1.5215043534493504        6.0706802089249816     
  0.86123825040490587      -0.72884218861355510     
  -1.8329621503958342        3.1497506409822211     
   1.9278772221517604        11.660068917146132     
  -1.7332977140625154      -0.52524074761292139     
   3.6531516469472889        1.5591397752707707     
 -0.60529999711513038        16.120183689341854     
  0.40476269577286883      -0.51276420444266380     
 -0.58982148914668353        10.207367729542339     
   2.4988057624768349        4.3743095926442948     
   2.4296462306530819        4.9627776017508296     
 -0.45991504139848999        1.4120379128641458     
 -0.47157773477117521        4.5369190357606950     
   3.3444463621060279       -3.7310576514051383E-002
  -1.4524140471098981        5.7238016468037589     
   3.9577843169786893        3.8997052615029606     
   6.9283683600117412        2.3353201900157430     
  0.11287508887605484       -2.2244940942214257     
   3.3944751644207996        3.6030243242410012     
  -1.8709028365056704       -2.4288409544462213     
   3.1604439989938933      -0.49393570297612732     
   2.6865395891002302      -0.56737828903533483     
   7.1064201941909451      -0.43706516223515807     
  0.76009219042272602        7.9128658737413522     
  0.93284057428907563        2.2130032449135832     
  0.85752936643794597        8.8781883126496499     
   5.2641238888157265       -1.7413358150552170     
  0.51642147521440318       0.45386264440435914     
   15.778809146350959       0.64691970807856292     
 -0.99558521653963172        4.5940881474890656     
  -3.0818784673517086        1.2055596542905496     
   4.3786498916787959       0.11843837286846343     
   7.0373852538375257        3.5037934637036310     
  -1.6372579873760189        9.1913904863704712     
   2.8788590743341551       -1.9688029472466229     
   6.2470948314457200        1.1626042278357356     
  -2.2181688716671579      -0.72095114640317681     
   4.3630517083947167        2.8293173636412874     
   13.893033877476167        1.0695185268250960     
  0.12536655355886497        3.1574937726109646     
  -2.1749181317478283E-002 -0.37923627497627166     
   6.1899907601371389       0.33764281449326716     
  0.53545565135215978        10.024347946762244     
   10.339610308515125        1.2907491424996940     
   2.8490512729853492        3.4132318913989885     
   3.5264792198793775       0.42852858780437103     
  0.30056785883919174        9.2507294692583599     
   4.5743030362984296       0.60678604755601706     
   1.0603537668012895        4.3145563076464830     
   11.443800191895553       -1.2483319634712031     
   14.481121016442192       0.21525692339638625     
  0.11590957399982192       -2.8155874269794521     
  0.90911428083698431        7.3204940365431863     
   5.5250246118264617       0.25303140716804778     
  0.46653318878351563       -1.4187797033469023     
   9.5197848748719363      -0.56402556955658578     
   2.0521008069689715        3.1548910419188059     
   3.2473770322950992       -2.5429947962479096     
   2.1950207923668845        6.2776705733213980     
  -1.2490059307100345       -1.7204111081011406     
   1.6609032782717472        1.7423053852279626     
   17.681282722054444       -5.3442919719691610E-002
 -0.98676355602896415        7.8033908830960863     
   2.1286822447186196        1.8327502419427106     
   4.1268404849692990        2.0468721408101151     
  -1.3310685053542799      -0.76537404610893234     
   3.4993115325270252        3.0211284824982765     
   8.2985103711061132      -0.75563955165778707     
   1.1023580295695155        6.7653179734652946     
   9.9151206976357216       -4.9847508864012700E-002
   8.1959989745649455        1.7981518181644254     
   14.135186474603371      -0.72077121343254036     
   3.0914038054738735        2.0366811283053665     
   5.6338365138773252        2.8527363396791832     
   2.6855172852525993       0.66744707719294893     
  0.82545767014827365        1.4148668481493289     
   10.485130300766969       0.40255705177363554     
   8.8574729672001098       -1.2023377165804716     
 -0.69181917474299237       -3.0597077124939420     
   1.0989884153815783        1.7634412565403357     
 -0.67404584582650562        1.8134974421737793     
   2.3949429138050298      -0.20573904635089310     
 -0.98665500105758497        13.039057270663358     
   4.8124970833406442        5.0115421887081633     
  0.65650265790575324        1.8544959548316891     
  0.37267858823945887        4.8764170125396644     
   1.6964498844804294        9.1664228127752008     
  -1.4107724041433527       0.35397025102303398     
  0.10860871812704131       0.30826273815233590     
   7.8810073924390363        1.0977273773916136     
   3.4280627976372924        5.8775599652188113     
   7.2356295959071266       0.92551563603478670     
   6.9690191065190206       0.18370477685518355     
   4.9596820745883248       -2.5613170627153732     
   5.3990790713962360       -1.1334276185244996     
   4.9693401926283789       0.10718376410447959     
  -1.3317441538976795        11.142981425867665     
   2.4627426172541802        6.9306688094071420     
   2.2212591944941895      -0.63983493752736376     
   6.6459369729282622       0.71198021686703705     
   5.9495231690267518       -2.2238749270609963     
  -1.0597870483211218        3.6646495708961506     
  0.58879174622234032        3.0868160636690845     
   3.0231155800542555       0.32281351747607290     
   1.8289479317264283        2.1984093566858696     
   3.5903366924551676        5.0486028849041347     
  0.92797557521705953        6.2144707969968396     
   1.0839797529599995        5.6890598952678246     
   2.6287679897767169       -1.4967143157151519     
   4.0516559143862558       -2.6694024826565297     
 -0.43304361012904818       -1.5112789150288062     
   6.5051067504555249      -0.21083181855980446     
  -2.1539606133719666        1.7687534595574297     
   2.2896071087030494        2.3143429840352754     
  0.29531820883908477        7.4199643503536938     
   12.143468192800279      -0.13169758056814973     
  -2.1625433945964208        2.6654832906089374     
   13.152439837539511      -0.93702702806433413     
  -1.8093115949725018        7.4460776348303011     
   12.449756918563086        1.5861597030540693     
   4.3259706333829300        6.7252755696872866     
   3.0091562008781194        4.6688647630320848     
   1.9821370039642123        1.3746169353611508     
   5.2191514980100164        1.6934444635807888     
  -2.2166384795063148       -1.8935250692455403     
 -0.82011482287138648        14.049739774712654     
   1.3100983072764105        8.4045021488533145     
   7.4315551462545359        1.7962689398347562     
 -0.87841751710366334       -2.3821884132976994     
   6.5594646038012581       -1.6447403732792247     
   2.8955627863710802        3.9719113738047658     
   2.8844512299540011       -1.0046846087723798     
   5.8130245048136420      -0.70529948443645407     
   3.6432869534544592      -0.43125999206838189     
   3.6723186793702296       -1.3730097591531323     
   5.4072580148154907        3.5378758044103598     
   6.3540913711110232        2.8144352082018167     
   10.174159709479845        2.3665600341578821     
  -1.3666430223206349        6.7644513423332828     
  0.87445094042428329       -1.6342727365516072     
   1.3663153750789219        3.3726295981005605     
   1.2060758561065963        3.8359921341805112     
   2.0707584172851434        4.0399783496096182     
   4.2187516522563246       0.99032626567150461     
   4.6225733480986531        2.3146588870522229     
   1.2412606313761720        2.5663308620140626     
  0.53961200389245456        5.7923110370456312     
   1.6439773389065919      -0.62038820573574105     
 -0.86297863476630410        9.6163503055736044     
   8.7440943419750106       0.15750956516361103     
 -0.81728610634728904        3.2191552793823290     
  -1.7232696966004872       -1.5228725313533804     
  -1.3106946542064253        4.1309613010459909     
   13.568120690923367        7.1115677679015721E-002
   1.1119661076374909       -3.7259248948133830E-002
  0.48184693590819339      -0.95513832059802461     
   9.5897829395942171        1.3377112534852549     
 -0.27097824507782825        4.0652702140559649     
   7.6225301072772753       -1.0464064719607704     
  -1.4931290095553447        10.201204012389500     
 -0.11017217759995235        8.6925035819388246     
  0.39280477208432690        1.5014201700814178     
   8.8277008225781639        1.3096848875464104     
   4.5895676619024330       -1.7770744515943302     
 -0.32191651966624490        9.2740687904396690     
  0.22554168881439415        4.0081733958196502     
  -2.1191667749803140       0.75212414877390144     
   3.2773126678138240        1.2403296986350967     
   6.3996433095167369      -0.80485143185617392     
   2.0002904379775450       -2.3883607623209322     
   5.2147694708977337        2.2927562717660015     
   3.5974648849056639        2.0705171305426124     
   9.1613193295107802       0.78710668731093192     
  -1.3185365035916241        2.2400638552250989     
   2.3352310921030814       -1.9346858606029189     
   4.3741885763847618E-002   10.494606679652119     
  -1.2580704719535558        5.1335540482902919     
   1.7023226181016846        6.6592096856654317     
  0.88220393843540035        3.4627196499354143     
 -0.68128300826482635        1.0224968272678887     
   4.0326490092690879       0.51383249613517690     
   10.932475229491510       0.86091541721482423     
   3.4302760356624029       -1.9024106348768903     
  -1.6291303978242704        8.2699062713491251     
   4.1413581003961006      -0.37764385278534612     
  -1.3118923282497152       -1.2333308568667039     
   5.9158039830496350      -0.15758696504847672     
   7.5606338780378701       0.37562571440574366     
 -0.89058013679894166        7.1775568495801076     
  -1.8307382867982620        2.2102136304556952     
 -0.61531215196941857        2.7794763782512901     
   9.1850294084737811        1.9610639915275470     
   2.4477251044481565        2.8249863265295723     
   4.0118378584073939        3.2961508984047434     
   1.9249254924158830       -1.0031845758560125     
  0.50081927987941233       -1.9209356462973521     
  0.71767884718269515        3.9304630820328832     
   4.6557484027835034        1.7409341739262445     
   1.5307717820735707      -0.15739348922818064     
   12.220744830584698      -0.93364959750098642     
   3.1415932729577420       -1.4344032844030532     
  0.76456039275873489        2.6421263559766373     
   3.3859943099521828      -0.93616774752449305     
   3.6812627750986389        7.7492513350923149     
   2.5443087825276423       0.22859785677429320     
   9.8759423433309017       0.67023804693594258     
 -0.69356001228097519        5.0346049632950871     
 -0.87943148679236527        5.5602598614153642     
   3.1141307900549928        9.0795503397222159     
   11.599695964794137       0.98303745776104234     
 -0.52868346056312576        8.2322825014381280     
   2.8015060327594479        1.1185298694693786     
  0.55410746538170130        4.4038948630861823     
   1.7657970074372613       0.47368540370512718     
   2.3511119512288889        3.5976995918313284     
   4.6436386507322496        3.4276155613364123     
   4.4484339541522520      -0.81385712727767356     
   2.1167330162235767       -1.4575957002948636     
   1.8393902396556569E-002   2.3439019853073093     
   5.7896111906323311        1.5581585125128385     
   5.0122672240056039      -0.71784225863062423     
 -0.15120917943275128        2.7741506710151955     
   1.0642525812445098        3.0068089297451981     
 -0.11778525350324964       -1.1887452085408352     
   4.6584611825154738      -0.32126490592878287     
  0.38260477076721483        6.3175432002252254     
   4.1648775585201649        1.5072131528547967     
   4.2089207440260088        5.6006130302297397     
   2.0618380371288940        8.3973588168292856     
   5.7907275013242261       0.76782291844451045     
   1.4038762910469937        7.7448548881472474     
   11.564410461745711      -0.41422055016689463     
  -1.3077030390129765        3.2194391983082125     
  -6.2802185360116336E-002   9.8229334820204315     
   2.9242255729849274        1.5766042464422036     
   4.9744393692822930        2.8746710711532812     
   2.7731163171881676        2.4236315566459492     
   8.1186717930997414        9.6352759449905234E-002
  0.90402956037280102        9.5094475852492462     
   5.9838751027484802       -1.2897879374373593     
   4.1176513999742315E-002  -1.6154721558532084     
   3.3056250519110457        2.5057025152115027     
 -0.29559549930018608       -1.9536074334092952     
  0.92031226349259732        4.8094429234799136     
  0.66598468246714726        10.661690908996276     
   12.829414043794902       -8.9536108674395098E-002
   3.4421457295128595        4.2431345153098698     
   8.8627692829314135      -0.47401356968328850     
  0.49578188822048291        6.8658536250749407     
   1.8194897538096821       -1.8613842206515356     
   1.3992132710871981        10.777732801947899     
   9.6339112688233524       -1.4853670863955697     
   1.5579511139106277        2.9328494744936688     
   5.8341709971913636        2.2140390592549166     
   7.7698939286840769      -0.40667527723472552     
 -0.35143551376558202       -2.4686144648889163     
   2.6593954213895894        5.8420476064944236     
   4.0793408765747037        4.5724042379120906     
  0.30382600994995085        2.7137093306560143     
  -2.1616642534926398        5.4591887380107496     
   3.8524735187618786        4.0403483130857926E-002
 -0.22538628634169638        1.8009119315818272     
   6.9703972349255130       -1.0894122060726752     
  -1.3531382494264537        1.3566664915444648     
  -8.3757335558263854E-002   13.256296917976208     
 -0.76954011650236787       -1.8672924510145168     
  -6.9010569924986082E-002   3.6103375530911741     
   1.8075057560182453        3.5973601633248542     
 -0.38916582349964801        7.5449939751365056     
   6.3658325523244086        1.8541959024619963     
 -0.48518906183246130        10.867196449991699     
   1.9702113931772249        4.5706093121802827     
   1.9500736549281004      -0.28525783722094816     
   1.8629891399739897        5.1127931228625325     
  -2.2262078253334199        3.9489634606129145     
   1.9580829978448198        2.6647906091112854     
   1.5909578409517553        12.707263951414070     
  0.70023100857362408        16.077647486615209     
 -0.87964077680842101       -1.4095004366333692     
  0.28713208367590709       -8.6904172048113681E-002
   4.6182056013944637        4.1187509710208543     
 -0.69087682582543242        6.6190653145150646     
  -1.3538559499858021       -2.8582224625649992     
  -1.0872677444583825        6.1924007839540236     
   2.0853032569308056       0.14731936686915720     
   1.8732950924878620        7.2903346853432316     
   8.4565708761061025       0.70965184330419673     
  0.90351246582787581        11.332377121334371     
   7.6873465720624061        2.8285059786512914     
   2.2204896864796675       0.58142142203859137     
   9.3952264473091418       0.23666386829762137     
   1.4425986219513074        4.6959063473791289     
   5.1177817838802682       0.63362556573683793     
 -0.46931854861508893        11.529854344271158     
   2.5272350811457636        7.7396135017029266     
   7.5683272162583123E-002 -0.79721090524453242     
   1.4089032083065924        9.9975205557304250     
  0.97118580861869652       -2.1126404386177935     
 -0.34193786595325582        5.4638673890670884     
  -1.1301395536517165       -4.9880223114030474E-003
  0.87096580947620827       -1.1767724902422121     
   8.1852173522628497       -1.6760242888062880     
  0.98801793782108527        14.831521454270291     
   3.9072273528495557E-002   7.9704838548961332     
 -0.55831056958471148        3.6475122626040655     
   1.2820768282887105      -0.91271179416489612     
  -1.8920999500464533       0.29353960065106549     
  -1.7506698103023117       -1.0132857440063225     
  0.12470677134914954        11.849555041300416     
   1.2141134992816796      -0.46830549881262995     
   15.447342213243221      -0.63275290227407033     
  0.20633091199892500        1.9177301078380309     
  -2.2900202691183140        4.6904621917984519     
   1.9786698085080439        5.6854604253691434     
  0.43501815143096617        8.4380003623415991     
   11.300125886514035        1.9168179042118028     
   2.5861504323040516       -2.5059876463811652     
  -2.0970610850474434      -0.17560776565319317     
   1.3774436407751776        2.1199193036816326     
  -1.1479936627805274        12.088056637578047     
 -0.15828912846527998        4.9547508103081626     
   1.0560526433010631        13.627347336222250     
   3.8513008182987920        2.5556340035287990     
  -2.5637371718403039        3.2851679743611886     
   2.9741563782638076        5.2894525862144652     
  -1.5805241230198168        2.6716589179080934     
 -0.22426146712233730       0.58377833200128626     
 -0.92274461288024090      -0.95943582669557692     
 -0.22368763337410211        14.900139534738218     
  0.18406892330398875        5.3690097790429725     
  0.71521978207100800        5.2834185890952012     
   12.211221391773474       0.58411547404957820     
  -2.4548363654553937       0.28374625616129084     
 -0.77731613391327392        4.1077170739528759     
   2.8576383689472777      -0.12145350597595839     
   6.8355567744645187        1.4211729613432789     
  0.81428972343562045        12.048991236459836     
   5.3492915469186313        1.1350872241254388     
   1.3171147554880391        5.2099975606588540     
 -0.84671712827977907        2.3512643546358007     
  -2.7791062960809000E-002   1.4002575634494541     
   7.0127259362929503E-002   17.294666887646514     
   5.3664600228501422      -0.29737442926472551     
   1.5705949491037146        4.1858424828339089     
  -1.5867291919936100       -7.6641415249889405E-002
   2.5161720496245246        10.372829438923070     
   6.2678306748858246        4.0747609949834693     
  0.17701780286015784        14.043888861103270     
   10.945348856403557      -0.61114581148568026     
  -2.0379216096287815        6.3033046312190049     
   1.8851770592851871       0.91433596385970461     
   3.1733423774971143       0.77122565705793988     
   2.4012389516035282       -1.0658924599152817     
   1.4681353863434892       -2.2542555691679476     
 -0.24058586181088387        1.0189655375814042     
   2.3338738620123070        1.0251858248959884     
   3.1350706129763036E-003   5.8866003933846498     
  -1.0890657407819031        2.7709579697047815     
   3.9967807381855516       -1.8511150542088286     
   10.608548380619608       -1.4151003701961229     
   10.131458043495195      -0.70727006521974212     
  -1.6109858195063698        1.7572891691543979     
   7.3399283982549948       -1.8617230818565942     
