   8.7623384240774502      -0.71302551889652954     
   4.5221015359067325      -0.53673103628052954     
   8.2212853830315140        2.5625709964167833     
  -2.0905806196770325        1.4593328390729168     
   11.315083552603818      -0.62187698052246554     
   1.0672811471938981       -1.4516194122636388     
   1.7637951324454142        5.0865560002538119     
   3.3805714217980820        7.4389143685557402     
   13.024709232443204       -3.8613912339834314E-002
 -0.25846061345420268        14.019332008315301     
   9.4200632497162662        1.1169019541694236     
   2.1027403955950046        7.7663519580379905     
  0.72185239300349302       0.62603007855397386     
  -2.6621785999784300        3.4581853187955542     
   3.0593206964888733        8.6606326309821196     
   9.3064686188521399       0.15307069315475674     
   6.6749945048001553       0.54555040472293792     
   1.2897351153206855        14.707097539962017     
   1.8054549992973392        12.490709810029292     
   3.4125631062937574       -2.3093500888111107     
   2.6117973550408333       0.69217778448187983     
   14.546723507978720        9.4845422068818505E-003
   4.2579708734418427        4.3474470418728641     
  0.27206569855493623        5.3552596067308382     
  0.15838853524502103        10.005129256865901     
 -0.46769089980709994      -0.62143382002802017     
   14.956709775314451       0.23051606283993520     
   3.7172489040613579        2.0659728365566146     
   3.1555825177643060       0.97311631994163661     
   8.9067071303432837       -1.1652736683368368     
  -1.2172015229417159        1.8210043845698800     
  0.49408079805016919        4.4819218298210162     
   2.6576112786346795        10.552545166037396     
  -1.3518252701130906        5.0464353097262595     
  -1.6558264573966359        3.7344925619962033     
 -0.37163696252378159        11.635305516201582     
   4.0467016948792534        5.9979403853730844     
   3.0274595828899784        4.7511767746077691     
  -1.1364531329492533        6.1405475312886946     
  -1.8919050642195459       -1.9122157829873696     
 -0.19311595714797189        1.4888534793942383     
  -1.2133491015305691        8.1572695635843875     
   15.468228356022198       0.65172057477334711     
  -1.6691178106408711        1.6318969624953399     
  0.50972366711624451        10.980397195028894     
   6.4470783838193482        4.3762383745901348     
   1.3960437384518423        13.824667305433792     
   5.7981567787870194      -0.90952300277438303     
   2.5714270846508338        8.4477661442969723     
  -8.1738645532063808E-002   9.4883210029533256     
   9.6212919616700034      -0.92216871220430230     
 -0.87870475434728323       0.47724128728638304     
  -2.0102420189174808        2.7288654320390258     
   11.801282025999464      -0.25602046154370645     
  0.97680695436486098        8.7494854903984045     
   1.1038004891865549        8.0733020421371169     
  0.20837184582008897       -1.2847215883689189     
  0.28005952124603845        9.0910686689810021     
   2.1260488137677989        3.3684354865681700     
 -0.52480754116732897        15.190554154712080     
  -1.2784116467721689        12.196151390411361     
   4.8658737300277330        3.1837538739305131     
   1.2076640680058348        9.4706067922845225     
   7.2369721187782341        3.9049995441285685     
   13.322270824578812      -0.43859972200206726     
 -0.55372907687023765        11.198612925662902     
   16.413490138099089      -0.60802879105605423     
   2.6475316057499980        2.9254828473820509     
  -1.5610248674357321       0.72350345233009017     
   2.2545240866363847        4.1019285027894883     
   1.0811778707709661        15.254551963959006     
   4.1205822638081377        6.7186284969926708     
   1.4833562469556485        2.4805377564178248     
  -1.2563076142767384        5.5550877390033220     
   9.9158811365479416        1.0254473693116659     
 -0.82670707902599616        5.7437060673965039     
   5.9332971508043242        4.9398303542782429     
   3.0797284007989254       -1.0008808553598199     
 -0.72938301843956044        1.4213576806971804     
   7.0390550385448085        4.7627189695810772     
 -0.35397456013981538        7.9107645284408399     
  -2.8041078281511358        1.6231695400302510     
  0.77940664807342774        13.431267606617594     
 -0.30926811780404767        8.9206808357242640     
  0.19755326274969542        8.1401679029948859     
   3.3642921305730944        1.5151684582655320     
  -3.7682614794565417E-002   3.9253443003698303     
  0.64646218421713053        8.4424202893174431     
  0.75789471141068698        6.5285615710372138     
   5.1716979790939765        1.6146983158218662     
  -1.5230015980963476       -1.3740539757513595     
  0.14029299885730329        8.6440404040343335     
   4.6741689649888531        5.9686003503918963     
   7.1907213574859563        1.5639427606797907     
   6.8607554873538241        2.8239309446278265     
 -0.12693887588504071       -3.4295241315717995     
 -0.73649131766021569        8.4584963375902973     
   3.2890464819950029       -1.6302778209124724     
   3.8526055440389624       -1.2347416250405496     
   7.1315110669504502      -0.26528440663290664     
  -1.0173411519833544        13.955783896789143     
  0.46621472489061949       -3.3954686651738069     
   16.309869848822927       0.81700851575139954     
   7.0906353905412516       -1.3755549965964662     
  -1.6498837913439657        5.9139660170051185     
   2.7383836048115455        1.5690291531514098     
   4.1560602268464777        3.2431025194860914     
   3.4049398254293970        6.9750606200954897     
 -0.45390815212307767        12.303746268552723     
   6.8842808152256199       -1.9765147254524731     
   8.9041174135529779        2.7791246814890380     
   2.2688474763384896        10.960233649184902     
   3.1399557288254316        2.4624196970081691     
  0.50186316810187814        12.059755770152698     
   8.8649732149854046       -1.8694272697041776     
   11.568527751509313        2.0462147499561021     
 -0.62961464674068512       -9.5772494402293656E-002
   4.5985542580087433        1.9456781708047712     
   16.774795572906680        9.7289976752218468E-003
  -1.7255208486642195        9.3652060365283756     
   12.984162263513630       0.55949119331876396     
   6.1208842510458217        2.8758646413123095     
   2.0263628143128241        10.098121492691995     
  0.29125589835617960        6.8599529258054668     
  -1.5949430088067964        4.5219999068452683     
   5.8071728695391238      -0.19272712350674043     
   2.6473554697191091       -1.7237170795180858     
   1.2202743072066009        4.4598274830757791     
   9.2228843706140999      -0.38923895820591847     
   3.6572289422995765        8.6998741088405147     
  -1.9964097722265353        2.1335412900233801     
   4.4588903134656777        5.0876335193396889     
   6.5065700829632567      -0.72680522499826239     
   1.9069197402361096      -0.40313746555216234     
  -1.2574410068217448        12.630845159448164     
   14.428346560293647       0.43955359758516893     
   9.3371526317154974       -1.5312713487606042     
   1.1610298590933807        7.0253067175133257     
  0.18113873004191922        14.765955533482886     
  0.20717002118149241        11.344038786784663     
   2.4271029684753747       0.12640172413015965     
   14.002412281877307       0.13167262989809550     
 -0.95666520820164613        4.4657169761479762     
   1.3774425588695096        1.3531567914057681     
   11.118110558586432       -1.2371098967684055     
   2.2387549643234759        11.815875321663722     
  -5.5278625482849425E-002   10.815144996781267     
  -1.9795571857189787        7.6559435142862693     
   2.9031210140875654        9.2077011920772858     
   6.0600323680907797       -2.0234890662065550     
 -0.80634687889366352        7.5943584709560685     
   12.373246140125932        1.7458374239312064     
  -2.3305697846687572       0.31461994437840690     
   11.258914018060672       0.52735299539283353     
   2.2171561538632596       -1.2583279448192219     
   1.0124759942425088       -2.2095225427411167     
 -0.60680778351944220        10.695083928266005     
 -0.94452893100515423        9.0353005997883926     
 -0.25464310332475504        4.6033852226550422     
   14.318416800742142      -0.95859851482679026     
   1.6845671025163398        10.736542110503683     
   3.6464456469235675        4.2178191979113127     
   10.472764247911067       -1.1728651496084239     
 -0.80280461901101452        11.716978632097135     
   2.8392912276630349        9.8941434561041373     
   15.675525510003338      -0.17723175236216654     
   1.6298192460575165        11.211947089403294     
   2.8559914216433224        6.9437264181228979     
   7.7805191249296701       -1.1809813082101155     
   2.3276060708005795        9.0279241102586365     
   10.352421063814290        1.3038299202107799     
   9.4706545518899432        2.3889515179214591     
   5.4151091489664394       0.95908207722145955     
   11.373809209080234        5.0350618735678178E-002
   1.6295877198863928        1.9204118340456786     
   10.776829415741680        2.3061317896230542     
   2.8113746283976608        8.1013115570507512     
   6.6740797364759175       -1.5354616241137329     
   8.4203509572528041       -1.4160207530727842     
   8.0867393522740372       0.28461468997308470     
   1.7745483461483782        13.374069726254149     
   5.9257142230457198        3.5301862872999585     
 -0.41605010086106209       0.90027894940895559     
  -1.7514888014635379        5.3115606796135415     
  0.23829218718990247        13.603124396628543     
  -2.7605566281746996        2.4435686312414333     
   3.6738451771168745       0.70376497522337766     
   11.903987793219425       0.27344087255412941     
   1.4643127845321893        6.4781251690241879     
   13.579535933186126       0.44280448879363637     
   6.6007671407054058       -2.4833651475294043     
   17.185718097866776      -0.42611469556523035     
   5.3909397973135800       0.34221475650448602     
   1.3906932601758886E-002   6.3159533151746965     
   9.9940721719822392       -1.6754229348014653     
   2.0123945240590038       -2.9924325058411534     
  -2.2101986710700912       -2.5399728674853796     
   5.2721938137517181        3.6726935919346020     
  -2.6452356802189785       -1.8572474104704901     
  -1.0826461039320163        13.258381641120662     
 -0.37973911045444586        2.5640875582935703     
   4.2712019977498628       0.83409682616655345     
  -1.8335718339988676        3.2409816354047076     
   10.342777820231127       0.58854706674373380     
  -1.1474542512174775       -3.1584855648222754     
  -2.2493979601983809        4.8552427523210486     
   2.4775570384264016      -0.63729387938953796     
  0.10675185560017786        12.362891972305826     
   1.3444175586541371        10.010668907442414     
   1.3125383436255700      -0.70513353735129458     
   4.4786672677344916E-002   12.891160995072775     
   16.375630219583300       -3.5125120081847414E-002
   10.880419792931868        1.4751164779145460     
   4.6147659277983815        4.3861464103899274E-002
   2.8595990377851948        4.1189959333529798     
 -0.18181183383846714        7.2176046119965438     
  -1.9850716939764763        1.0717967822994154     
   1.2938319947333750       -2.6511705443426496     
   1.0182312362934371        15.870092231207424     
   15.241411355858494      -0.34494898884991049     
   6.4373412263356684       -1.9451586463181778E-002
   3.4680089104009464        8.1330780387643582     
 -0.44032221351047013        13.464861856092506     
   3.7935754773077068        7.9395682940012161E-002
   1.3330364461085609        3.0689295422208502     
 -0.88314408949629730        5.0805929216288668     
  -2.4437942750212258        4.2049808015741457     
   5.9882790557747958       0.44182832749859846     
 -0.36808881857169023       0.43505836019704325     
  0.86442970696697907        7.5646249892292330     
   4.8507995309722896        6.9465067463056567     
   7.6003180298955906        3.4384321156258255     
   14.716884915065840      -0.37742697383783075     
   1.4439721085955739        8.9870689747590724     
   12.419233560599832        2.3853047873878964E-002
   2.2195742682335089        1.1047893356537091     
   3.0784136081787832       0.38362105010536418     
   14.404046499793576        1.1362599257801900     
   1.0781955395365259       -3.3639481663318764     
   15.802313921407681       0.37130558544785242     
   3.6924586885892108        4.8681979833539559     
   12.678682078673987      -0.47419596703048833     
 -0.71317130270826534        14.557168874481235     
  -1.2840923866545788        8.6575352166606923     
 -0.54222400295129625       -1.2256998507413794     
   3.2776414988318630        3.7424448932187473     
   15.822823260109951      -0.74326807503592240     
   4.2896775304145809       -2.7420999890779441     
   4.9326389815059040        4.2831079227778721     
 -0.26580698989009005       -2.3349065070084110     
   17.078329798074417       0.53226870914859836     
   6.4288033387102521        2.3033548523776592     
   6.0252640432813899E-002   11.827898264967143     
   10.909871303899218       0.89781920353116840     
  0.15958080794275106        1.0089227712647439     
  -1.8505003108884692        6.4868975286976109     
  -1.9135123599318598      -0.88747274121047193     
   1.6962985332349831        8.1824296558405791     
   3.9305834788919105        5.4237917471439951     
   5.2461845809994001       -2.4011655151413085     
  -1.2957844606007749        7.6542062408376887     
   10.926493956845796      -0.23647424158418168     
   2.1765662551819474        6.4985014771203184     
  0.50332023023841899        10.430631450228876     
   5.2005689544357248      -0.20171752709367313     
   7.1916269172012752       0.97901686690744738     
  -1.0601017378556783       -1.7022835673776724     
   15.312631650875099        5.8585253649164398E-003
   15.076421633070154      -0.76671969386356287     
   3.1455539298257529        5.5296067984715336     
  -1.5117604263727977        4.1233650493265364     
   10.323964033392871      -0.50501020563514509     
  -1.4709686416909264        6.9934294428626878     
   4.6508887320876307       -1.8159790672116276     
 -0.99880427234060054        2.3086262559999824     
   3.0563096531793499        7.7791430733753106     
   3.4071651987468616        6.0411128918188890     
   9.0462543221635023        1.6471973271563218     
  -1.8397852009168227      -0.23321846878783201     
 -0.31667205276845611        5.3549376755475375     
   4.0290999067013651        7.9275019839071463     
   8.3934675130654792        1.3950294580855653     
  0.79241610787610850        1.2868157896646719     
  0.51824633832199607        13.003217647980968     
 -0.88361453053246586        10.220366757198372     
   1.6090503991840110       -1.2219799602739909     
   4.4197157155829352        2.6460965322321641     
  0.39531796803849772        1.6768989701945749     
 -0.17072336261795287        15.784688118505828     
   2.0542574926800672        7.1431839453237718     
  -1.4103112757669778        1.1993764248642742     
   1.8971886122081436        9.4192986767635016     
  -1.4366473304990852        9.9651586055624577     
   2.1000368833524234        11.294713152240353     
   3.7811808112941838      -0.58928109113346794     
   11.824095706209436       -1.0732732439063213     
  -3.0179344567701301       0.77832748104287064     
   2.0059550165679232       -2.0320663432162864     
   8.5001648360417246      -0.16358148758217150     
  0.96308942341649950        11.325777947202855     
   3.6694021209122409        6.6667347492672837     
   1.0290522971833354        3.6879006508405729     
 -0.91289765631629360       -2.2546411299569620     
   14.935160407566256       0.69446301746884809     
   8.0388600493626736        2.0199886017799127     
   8.1191631123495949       -1.9254540094781700     
   3.3196563636121170        3.1773774926028233     
   3.9877678516531736       -1.9225225535239683     
   1.3291069048584971        8.4847083732339925     
   6.5770653030052513        1.2115708769274429     
  0.36143892958498919        7.6549357313617836     
  0.66545532056180079        5.9045872853680246     
   6.6190773632938260        1.7834938687259307     
  -3.0586407493871142        2.9047573504896500E-002
  -1.1987484343777095       -6.5969429370735869E-002
   8.0188187468162972      -0.48155349712053508     
  0.77203221362272600        9.1682339444412300     
   14.210160978637161      -0.25172374241331352     
   7.3315630317143041       0.36013223249345472     
   2.4081636946352774        5.8312141661878156     
   2.8487396588365548        6.3258772292118897     
 -0.43950818398873176        12.969900373016609     
   7.3034816477153850        2.0957307740343136     
  0.92004941679447927        5.1080794613351657     
   7.7805075257190657       0.85932700800371775     
   4.6079803591731769        3.7378549345731225     
   2.1158364381824590        1.6438438414158272     
   14.007225173066695       0.58861645926817241     
  -1.0224038835854146        3.0184102550105125     
  -2.3958170498029392        5.6833824428587727     
   13.531588548944983        1.4093550469310439     
   7.6542643361366602       -1.5733781252302603     
   14.654640907466890      -0.77059688083268307     
   4.0511398686551763        1.4675402732894243     
 -0.34483206320964582        10.163711806588680     
   5.1407260834493318        5.0244287120202111     
   3.0451458706110484      -0.30014940904533804     
   3.7938856647879149        2.8309042657611383     
   1.4948325219301870        7.5309637195452623     
   1.3799239541765078       -6.3220762388375790E-002
   1.0720462520596257        11.885318856348638     
  0.54003477554884605       -2.5437636168660811     
   8.7125820435467087       0.52187896569928083     
   12.163719600022713      -0.61087427783602077     
  -1.4436019537305893        10.643990423734047     
 -0.66349640009172040        9.5854080550777763     
  0.58539813621544756        15.448253481933856     
   2.5460614146791514        2.1742207320836182     
   2.3967415316185141        4.6845993476602255     
   13.861030050798494      -0.43793165054310512     
   13.369351077894912       0.10971773550768318     
  0.98510391459299618        12.585357040192774     
  0.94576714386000194        1.9918248243032957     
 -0.27957223663773417       -1.7245594960030113     
   9.6221919372255993        1.7410588514682945     
   7.5819314144084284        2.6709704259932141     
  0.55883530711852791       -1.8434426585550636     
   12.977549953191602       -1.0626633746193648     
   1.3056640170070073        5.7297240692646012     
   2.9090485941004904       -3.0096386037693557     
   8.3860818203080907        3.4342991198182005     
  -1.0193821478349645        6.6486912356677372     
   4.8816105283808406       -1.1216154434574692     
  -1.0979371156509086      -0.76991875299104628     
   10.147023682633250        1.8076880066895400     
   7.3573066655531196       -2.0575521695069203     
  0.41238878154354353        14.184269195527051     
   4.1610517133247722        7.2732588012054729     
   1.1584887590729385        14.242584200557172     
   4.8249185394480820       0.63633798836720379     
   7.7608225941310280        1.4257393495610313     
  0.63990705587376717        9.7109843399490750     
 -0.47062459770957654        6.6649645312260120     
   2.4929413205445590        5.2583947021221311     
  -1.4261144830186809        11.787460617571146     
   1.0418117979440535        10.735442918585816     
 -0.97150663323814102       0.96400808072052546     
   2.0729267778854172        8.5484269289643535     
 -0.38001002520517951        5.9599020811638104     
  -5.7558363329298631E-002  -2.7592752608158877     
 -0.50882524378081573        1.9314841016477486     
   14.026401135426923      -0.68088701663819262     
  -2.3644713459499180       0.82544371752216983     
   7.4734508333365408      -0.72114237880124810     
   8.1470262758609202      -0.94030786568445135     
  -3.0347639675928975E-002   3.1783626051831235     
 -0.50563183088761143       -2.8045384516805911     
   2.9793241054429799E-002 -0.15147288943194304     
   17.912668119844572       0.18051368055778516     
   9.8786293408692263      -0.13714477207783121     
   2.0662717886429718        2.6384990947769578     
  -2.9629909492770663      -0.70528254997391127     
   1.6697971025393998        3.8896041163717325     
   11.679580905372269       0.96786602074970918     
 -0.79474816558859707        3.7277057760379217     
  -1.0680455813827732        11.151813788975392     
   12.590300315721953       0.99203725179864222     
  -1.5009792653811287       -2.5174828982540549     
   5.9962437075238988        1.1088674886282457     
   16.005833809725779       -2.3496144573683396E-002
