   8.7616655059683861       -1.0029544071057783     
   4.8977475470945393      -0.25586125473985799     
   8.5774823966055767        2.9727719159477508     
  -2.0054355954706153        1.3437283886115723     
   11.217361859915345      -0.53161656037118776     
   1.0755373887426498       -1.8096548340967962     
   1.6779937414331498        5.1552197375053339     
   3.5422251889229659        7.6487695570884675     
   13.051649778242028       0.16938771059552549     
 -0.22663838004115977        14.365750783753182     
   9.2907657762219653        1.4725118335556577     
   2.2874859074287737        7.6647964419613501     
  0.60530030904336440       0.47985167389655681     
  -2.6567267463893813        3.5620406515915826     
   3.3097161188645070        8.5059513937366287     
   9.0812014301920829       0.15936147218881613     
   6.8614962767056316       0.86129728025986951     
   1.5739888218488072        14.764578405387741     
   2.0738026702420558        12.981710878243938     
   3.4967482537949439       -2.5213327037193518     
   2.5159254772694797       0.66918552870574599     
   14.666385091439436      -0.62073114418968123     
   4.1365891656405278        4.9124980717050555     
  0.17145751698978229        5.5520675760068698     
  0.44616617832869832        9.7763148209907076     
 -0.45316046349289385      -0.85941945287343868     
   15.061883059936212      -0.17978683201427481     
   3.5558153125744263        2.0696652611225956     
   2.9101304880485119        1.1928473288863812     
   8.9493723693920515       -1.8032416420337882     
  -1.4912936296200552        1.8302975693011372     
  0.27756015256016875        5.1579005170880521     
   2.7279335240311622        10.664602132903497     
  -1.5845323567429808        5.0173108696928654     
  -1.6030480064036834        3.9196336825640636     
 -0.59248884563372739        12.043728633189893     
   3.9070221457999863        6.3293995471212252     
   2.6579556114183123        4.7180359796531359     
  -1.7854853957363839        5.9508585634502200     
  -2.7130983662353052       -2.0693761472750971     
  -8.3066415729835530E-002   1.4870942495008497     
  -1.2369096801843047        8.3637436962121683     
   16.243809495620141       0.79023707296920387     
  -1.6136524199810760        1.8318252922045617     
   1.1333167123628489        11.062253640797003     
   6.7679540321004126        4.7001392945233835     
   1.4964727646612244        14.069037264396702     
   6.3660082205596034       -1.1437949685682316     
   2.7074334417690271        8.3540964315485748     
 -0.22397722527977093        9.4025403316770646     
   9.8049636287135193       -1.3298229477058752     
 -0.76222360347681706       0.82804418851148087     
  -2.1790302230411296        2.9080806250322655     
   11.692578280658205      -0.27852905467727496     
   1.2658345294038704        8.4466209973464537     
   1.2187234981707831        8.2263924459548683     
  0.59100087054334560       -1.0388961761189708     
  0.34627266683708857        9.1787189494387871     
   2.3795111521093832        2.9750075969007157     
 -0.49504015621945241        15.118720588337666     
  -1.4972809560314511        12.230916872773181     
   4.8522506475507772        3.2232362151337317     
   1.3516499376827356        9.4522868289542004     
   6.7563399281873515        4.5283646851217547     
   12.917347593773085      -0.46027991096390908     
 -0.62844278170559376        11.470161118079032     
   16.060736385418515      -0.60490242017187601     
   2.7659594266040899        2.7924964025202308     
  -1.6960800636990214        1.0410353425290784     
   2.3119046329355712        3.9821331413329664     
   1.2575161221227567        15.408239753303107     
   4.1157595299450787        6.6370604432883162     
   1.6879946611432168        2.2132538584769965     
  -1.5615522554028547        5.6737038975861687     
   9.7718344558926695        1.4304907277092966     
 -0.98471492000216365        5.5079254169307834     
   5.7702401901276108        4.6555816043517400     
   2.9676675660828891      -0.99523037711206763     
 -0.41334008958446011        1.3199139545769900     
   7.1898072635822867        5.0291950017486222     
  -2.8582008485382282E-002   7.4314489477928873     
  -2.5897572090792238        1.2871532709509181     
  0.70542815747570531        13.114618589758912     
 -0.30979234842350190        9.1257026426830912     
  0.19332733628403487        8.3652971859264635     
   3.0353550640972817        1.5420758197481930     
 -0.12747567596076070        3.9268879772072665     
  0.76029694101422995        8.3872205098789241     
  0.72643312951235783        6.8062178914823530     
   5.3731291959087386        1.6414876334529844     
  -1.3914589913483899       -1.2685459144977345     
   2.4888896750990597E-002   8.8416832193293633     
   4.5583042669950107        6.4756741379606968     
   7.1290660697234394        1.7114272257064180     
   6.7834701826894026        2.1942107059341525     
  0.25361593423247042       -3.5892440948250166     
  -1.1105940784349966        8.8244287124921765     
   3.5494145293395660       -1.9103414136849013     
   3.9951804752034978       -1.5541929956406642     
   7.7850237376785483      -0.76633199009305963     
 -0.74716727488477686        13.713678537454872     
  0.43803002400181912       -3.4559434462893006     
   16.354061700872794       0.75520365929574984     
   7.0629157436778325       -1.5195954907032676     
  -2.2009066688906356        5.8607671715789511     
   2.5125884646759462        1.4045310001199618     
   4.2303044363185300        3.2956258124707536     
   3.8444119842729552        7.0867202903030542     
  -1.0027436642048895        12.569449612206313     
   6.6277568919652659       -2.2286116736977486     
   9.0547720257255335        2.5564590656815755     
   2.4149710280417387        10.878005007519853     
   3.4048856069229925        2.9099738933144628     
  0.73122995091368326        12.223288850229634     
   9.1679757718965025       -2.0814211721373495     
   12.009610494071591        2.2163269076347958     
 -0.70474930970264005       0.17820595604669265     
   4.8371643913482085        2.1777184778084782     
   16.976578813727926       0.35427055141285857     
  -1.8737136312327252        9.6846472225290370     
   13.251792368442404       0.16091164292957361     
   6.2605843077294878        2.6977547960473616     
   2.2917123252064875        10.433194398341190     
  0.42180497767130154        6.7218073735445323     
  -1.6725167599220194        4.5742858335104124     
   5.9926182955240517      -0.36150018319676480     
   2.6581271782430513       -1.5125114290039430     
   1.2871331499470693        4.5830306651682662     
   8.7910458640544391      -0.63539906742701291     
   3.9812819255308391        8.6842917261764487     
  -2.2188008393988796        2.0826583295409526     
   4.1718309373549349        5.6891937033065858     
   6.8476665196590645       -1.4048897537363132     
   2.3574994508248825      -0.51976618519257700     
  -1.2486864444698509        12.631935419930059     
   14.684301564472504       0.57866541237850422     
   9.4552909078481111       -1.7266045160483916     
  0.95558873924440624        6.9903993703260099     
  0.25727147968057418        14.967910834367643     
   9.8746211743894197E-002   11.846517059193477     
   2.4131943118728834       0.51466256351470507     
   13.930665336066665       0.44571620564026881     
  -1.1286776231137523        5.0580636461880726     
   1.8137558035865049        1.5589772734112226     
   11.185717109531586       -1.0259959101724747     
   2.3139915663131476        11.657597509653876     
  -9.8426854046569812E-002   10.585254027051160     
  -2.0097983118289813        7.6280638059469315     
   3.2949219163859111        9.0530934035283117     
   6.2771945042802706       -2.3138370768344299     
  -1.0190824932889111        7.2261382853723664     
   12.208167427421380        1.9678301261087197     
  -2.3418952450145865       0.50743450634618759     
   11.396164590798223       0.71948682523186092     
   2.2041028421925231       -1.4377847577886151     
   1.0357359781339475       -2.3940903405498144     
 -0.85784655713244362        10.719886679857773     
  -1.4563238575059552        9.1007704874963782     
 -0.55287266190904960        5.1821908552677556     
   14.401576925961768       -1.1039938150382063     
   2.2848094795358551        10.757063314439968     
   3.6307644159173882        4.3323988960523057     
   10.430519952272414       -1.2734657507771332     
  -1.2441444421578893        11.853362355312028     
   2.8346185262050940        10.543041800893523     
   16.071802623666958        8.8353274686468808E-002
   2.0666584678311977        11.075852853168231     
   2.6680804264149729        6.7375990210115688     
   8.1462409263465343       -1.0782450643553423     
   2.8793150693608092        8.8481344772771067     
   10.840419364671048        1.2208931430348335     
   9.8743165491226996        2.5936811127473978     
   5.4478594940860479       0.59084446541907232     
   11.473710787323322      -0.25249717899161572     
   1.7909266773507801        2.0685739299029078     
   10.304578774382080        2.9366651900247933     
   3.1162903354941940        8.0343045851500250     
   6.8397032672020970       -1.7526766118306065     
   8.8043355983602716       -1.3486618822924346     
   8.0885431562451124        3.0061290318502909E-002
   1.6220660287893467        13.733022274189640     
   5.9913128758959910        3.2381747176574485     
 -0.51982942570009927        1.1217453981812482     
  -1.8765741290222844        5.3532353260520598     
  0.17710245953936976        13.270860259647822     
  -2.9113633408009645        2.6278256459276119     
   3.6876909032441465       0.92081056703193687     
   11.893946268873700       0.28625778659585333     
   1.4023835696271081        6.6081066410234790     
   13.635957625390338       0.23761494985446863     
   6.5191782481429783       -2.5543405401656916     
   16.990248795264456      -0.54168411544975781     
   5.2179619109408630       0.29809402376063865     
  0.11041298837515123        6.2896474270547866     
   9.6406006420695167       -1.8928393617878840     
   1.2382759341716665       -3.1432961314379395     
  -2.7433075969614538       -2.1254848011357836     
   5.4002924860200139        3.5051340355447320     
  -2.8130607618482224       -2.0986623248144944     
  -1.1784463193340344        13.043704095105682     
 -0.51622877833104619        2.8118793435352951     
   4.3386849478802869       0.78206875051589497     
  -1.7328931331535533        3.4929281916723158     
   10.663632588965537        1.0221234116123070     
  -1.4398886740012575       -3.1697606096778181     
  -2.6345041302771350        4.8798873571115173     
   2.7146620348651438      -0.88828511191470305     
  0.37845045699678437        12.655622659777499     
   1.7543312299335274        10.369575582968059     
   1.6950309011807172      -0.98844812157068063     
  -5.9133208190524922E-002   13.108194387579918     
   16.639837024220270       -4.3650264237173886E-003
   11.091342111912860        1.4601924953453911     
   4.9536113452630115       0.20346141310687793     
   3.1247924337445041        4.1939241995785732     
   6.3887648393451624E-002   7.1105913546549733     
  -2.5537179012740592       0.95506597447164809     
   1.0833419895344574       -2.8577469695682005     
   1.0389928329072364        15.396501972876472     
   15.281254490391843      -0.77633156512723289     
   6.7589393180672790       0.21893324443578166     
   3.5119082123064609        8.3048706268358714     
 -0.86929504442984706        13.401262607651617     
   3.7091717900451004       0.33582937668805046     
   1.4835281382909460        2.9837557968343851     
  -1.2390813958706035        5.2041057310143302     
  -2.7926996256496031        4.5923959454093435     
   5.7302012234762039       0.57238645267874810     
 -0.57709234866400827       0.33530468586579998     
  0.99793630039530123        7.7568242315761040     
   4.8933124129897241        7.2278688108403664     
   7.6742993104506123        3.5477995901346042     
   14.678934970343908      -0.47878415924216222     
   1.1187170093893051        9.1548682910683610     
   13.030699500143308       0.43806494533234153     
   2.2560355585625804        1.3527793436421605     
   3.0382448268148168       0.48171362904198611     
   14.147288105711441        1.4105801806666256     
  0.80589234157642275       -3.5466547739019756     
   16.122873669941637       0.69237554124829659     
   3.5989047142608013        4.6897481541214496     
   12.840912091192761      -0.68861866607241051     
 -0.91223592011883525        14.786897197297513     
  -1.2478232173723360        8.5613214483788198     
 -0.39995102483936140       -1.7828458388165052     
   3.2516172250251141        4.0899454612677122     
   16.012016488850410      -0.81512835144266882     
   3.9877799940198835       -2.4815178391555524     
   5.4072462448257745        4.4504635146081153     
 -0.33248603577515912       -2.4098074045906124     
   16.923641686902414       0.61589565433841154     
   6.4360642019521386        2.5713106400701169     
 -0.18204640097449731        11.900805241241155     
   11.088075148456454        1.2799138870185911     
  -3.0388103912664555E-002   1.2214435081989765     
  -2.4865451089991129        6.5809735986955324     
  -1.5629648146964719       -1.3217819982803620     
   1.5142965064172071        8.4644181074841534     
   4.1630707665127868        6.1455826416169366     
   5.5089747563589118       -2.6669755499979120     
  -1.4615189212900064        7.7340188734361153     
   11.322879969013011      -0.35674223637203895     
   2.6003393806779047        6.7630254292294563     
  0.22005781303783101        10.427442035183672     
   5.2633648923792524      -0.11442347248618345     
   6.9033899465654187        1.2497598865157848     
  -1.1133223337536555       -1.5443905757880376     
   15.160522103151893      -0.26827386456778290     
   15.069219594015289      -0.77555573023467561     
   3.2132428487509856        6.0816682707652774     
  -1.7706837667093576        4.5820130263429224     
   10.581174696537078      -0.61059707876910752     
  -1.6107832967517437        7.3426449933578404     
   4.6778763419950415       -2.2263785406935845     
  -1.0201303706195399        1.9904746110634721     
   3.4951117912282368        7.8209142272182834     
   3.6625156504214176        6.2603074380811421     
   9.3921898934220849        1.6741636004553269     
  -1.5255137878093414      -0.15937904241688328     
 -0.33476543285527205        5.6580524537895673     
   4.0405873844641391        8.2525554935804948     
   8.1718484178783868        1.9607827988735420     
  0.66015746886482596        1.3294698377453620     
  0.57242665692527872        13.017995312923507     
  -1.0876986267298503        10.269944087679821     
   2.1791440955869965       -1.5787530659947868     
   4.5492918747127078        2.9487228839077368     
   6.9171723758589820E-003   1.5921408996920010     
 -0.32354318780575841        15.346731102047965     
   2.4615810515741354        6.8448816198337852     
  -1.4757402856551300        1.2938626170061753     
   2.1461251878203469        9.2724499023157936     
  -1.5522973615683160        9.7431387498841495     
   2.2820946957042314        11.040997305403170     
   3.8858679189493306       -1.0557551041468805     
   12.863255043800665       -1.3895549743017201     
  -2.7740199695159324       0.91531372689912027     
   2.3862338114524912       -2.3662537883179953     
   8.4911533913340964      -0.28445994906530281     
   1.6133873730919901        11.282780629008780     
   3.8516201548859326        6.3699130479038537     
   1.3229431049000344        3.6207141295405010     
 -0.53706055268982089       -2.8473088299293132     
   14.879124985259649        1.3194328195199003     
   8.0618369449152905        2.5335991379182228     
   8.9633671230035254       -2.0498121942177101     
   3.3900628470500886        3.2366109812632824     
   4.1726968294664033       -1.9732034976320512     
   1.3979007959867524        8.5131350589473183     
   6.7997389084406237        1.2254046361208730     
  0.14864292952597191        7.9031288354868767     
  0.46731714878310004        5.9876015696950642     
   6.8181840702318830        1.7107315731349053     
  -2.8935495692338584       0.35249577280049360     
  -1.0625465563704539        3.9530575208827745E-002
   8.3991300431035487      -0.17358672613396608     
  0.69676478803132591        9.2082025244835446     
   14.606058362839091      -0.78079786442242005     
   7.6690373728540582       0.31332937499448432     
   2.6638114608915200        6.2259772410803169     
   3.1869709699712723        6.2422989104704794     
 -0.44044739804471655        13.035483745331291     
   7.3127400298184000        2.0724836427140665     
  0.62349477753808635        5.1235341081568340     
   7.6378156148898810        1.0111100538239888     
   4.5683541026303089        3.5966983549674576     
   2.0273796832660653        1.6188150702345188     
   13.735555394207791       0.73431089221039469     
 -0.62188734726640416        3.3545405851938459     
  -2.5014791251809827        5.8739728022825872     
   14.093713271392632        1.5810919527342651     
   7.1382955846436396       -1.6501982900310148     
   14.685375936986295      -0.75487305096273083     
   4.2364378491680501        1.2195422298123124     
 -0.51337367484234253        9.9893826222737605     
   5.5781730117637149        4.8712203702898123     
   3.0551600993207937      -0.41054999255267211     
   3.7700737668950013        3.0064103039003007     
   1.2802051730235671        8.0309108543862067     
   1.5669460560492854      -0.20255170260524569     
   1.0852393111478773        12.265820741214808     
   7.5548633965920153E-002  -2.7486803174094785     
   9.1055364596512138       0.21036310118669199     
   12.259156217061292      -0.79557457626791139     
  -1.2305687092465085        11.269145583200711     
 -0.54042475026467951        9.3861549288379518     
   1.1962874312869922        15.385759304533615     
   2.4523314513759211        2.1444416570478215     
   2.6053324386007692        4.7130822725605857     
   14.020757708436131      -0.13751946460256548     
   13.375657130017020       0.10363616835084377     
   1.5234546309218069        12.807667339455577     
   1.1960731422229789        1.8838650669036716     
 -0.26826195859962487       -1.9104004715232388     
   9.8637675565211591        1.5956222526106187     
   8.0073850240551003        2.8209445620135623     
  0.71072153533024318       -2.2328738745272787     
   12.937703502976044       -1.2026268166583423     
   1.0711598127937756        5.7929338736399369     
   3.1723473756450864       -3.0951056503454142     
   9.0502546027117159        3.7004245305107326     
  -1.1023017969750533        7.0212882647046069     
   4.6145581687842387       -1.3103480726467160     
  -1.2322685260736548      -0.54702106295287267     
   10.118811587334426        1.7565775484189241     
   7.0671970977904444       -2.1981385309534427     
 -0.10724589739757251        14.286962638685822     
   4.1083575856818282        7.2667379384022119     
   1.8302686069936978        14.302908595696852     
   5.0147104581884729       0.54405728417789989     
   7.3624458531761636        1.5825822764769000     
  0.64024814434804078        9.3966098853793003     
 -0.72508124350045033        6.8298848718649978     
   3.2718312707560968        5.5673427050551023     
  -1.3653442401066651        11.675452760598379     
   1.3193845987760802        10.449812036083436     
 -0.86890401692991492       0.84854003191608607     
   2.1223192612304076        8.6445889447677740     
 -0.29979570847230264        6.0388587346419484     
  0.26490323834492946       -3.1273669926832586     
 -0.29038414887566955        1.5786457319649965     
   14.408815174323342      -0.74478342149531418     
  -2.3741055988370108       0.51766374746165633     
   7.5576388586624894      -0.89894674790799689     
   8.6957923694992854       -1.2067421367087401     
  -9.1880977145410103E-002   3.1836748020582184     
 -0.30499470287998198       -2.4804281523746869     
 -0.25675637411308339      -0.70631968277394419     
   17.359183929656428       0.40950587284695095     
   9.8910836792689327       -9.9952926267365960E-003
   2.3257531026183353        2.7682746063785575     
  -2.9266036743531547      -0.36862137134231210     
   2.3123900850636221        3.7631543210521152     
   11.581078755783828        1.3981966455834915     
  -1.0802778515125087        3.8597133005514244     
  -1.3030093390998112        11.470691220847065     
   12.787212055865313        1.2673393879926782     
  -1.3395434301041720       -2.9598944339041919     
   6.1796732139850636        1.2438573347201376     
   16.269702751402779      -0.35404886191226126     
