   4.2667404493650389E-003
   9.3185621437445621E-003
   1.0523833290407736E-002
   1.0308358975048516E-002
   5.6421096021899457E-003
   9.7990885583130825E-003
   7.2391659105518627E-003
   6.9644477956223722E-003
   7.5344380757632291E-003
   7.4296114309242260E-003
   1.0181606025706764E-002
   3.4447922421320673E-003
   7.7014377509630480E-003
   1.0717037558700191E-002
   3.8769786927752409E-003
   8.5987952070949152E-003
   8.9919893495503250E-003
   4.1334659660465537E-003
   8.1824697861162549E-003
   7.0604779056565791E-003
   6.8927065532413696E-003
   6.7050109489550118E-003
   9.5749866353913912E-003
   4.3928100196794651E-003
   6.4195442791326130E-003
   4.2472016168532446E-003
   9.8506459521507453E-003
   9.3153318664814123E-003
   8.0128579593726577E-003
   5.1455587985460849E-003
   6.3564773494392251E-003
   4.4330172871907070E-003
   4.9618486978170546E-003
   4.4989237512417044E-003
   4.6263638278771398E-003
   6.4093820815917255E-003
   6.8830672684275481E-003
   9.9225086287353104E-003
   3.7917047892310528E-003
   7.4740132252134241E-003
   5.4140198667542517E-003
   8.3420764386168671E-003
   3.8033615469132997E-003
   3.8648723966014059E-003
   1.0308358975048516E-002
   4.1604578653093582E-003
   6.9177195036519501E-003
   4.4157379412779283E-003
   7.7107093849262207E-003
   4.4857309557623888E-003
   7.9253734067617765E-003
   7.7474075149372252E-003
   9.9986002564007841E-003
   4.9000945741178885E-003
   9.3412345084459957E-003
   9.9159543212480172E-003
   5.7863891984936003E-003
   5.9127994103030943E-003
   8.6428602956390866E-003
   4.9187796301155742E-003
   1.0030697080849173E-002
   8.8902201554982227E-003
   5.5919515906261968E-003
   9.4546625233516614E-003
   8.1851217553283295E-003
   8.3858782055906862E-003
   8.9970203549945733E-003
   7.3230050353956617E-003
   1.0011609839434924E-002
   1.1070333190132621E-002
   3.7231636782721475E-003
   7.9634794549128304E-003
   4.4365541867901533E-003
   5.0169963054631150E-003
   6.7791423399834790E-003
   3.8067474666748083E-003
   6.2299767424234404E-003
   1.0314451614512801E-002
   4.7352530047024251E-003
   5.0740246542884280E-003
   1.0788628350899793E-002
   6.1675174533153644E-003
   4.5134992927525078E-003
   4.2008896964642380E-003
   7.5029479531424220E-003
   7.0064123005959596E-003
   8.7891925166315547E-003
   7.1641896684481324E-003
   4.0216792799529204E-003
   7.7660886688441519E-003
   9.3898906703380972E-003
   4.7847225809891231E-003
   1.1119996653556785E-002
   4.7588743829161074E-003
   9.2394417106422804E-003
   4.6385980672351834E-003
   7.4680595762553143E-003
   7.7784742101619769E-003
   6.8598704014198328E-003
   4.5037026945505690E-003
   4.3391669167705703E-003
   6.9818297763098308E-003
   8.9332826188548466E-003
   6.7448636623220091E-003
   5.0096795082967306E-003
   4.6379789894133213E-003
   9.0983868059851467E-003
   4.4209771119992696E-003
   6.1643862053552484E-003
   8.9928889958907493E-003
   7.6925850682199367E-003
   1.0156140125918844E-002
   1.0411680600727960E-002
   7.9529599882704419E-003
   7.6107623725018003E-003
   9.8094238109805651E-003
   3.3700773303826743E-003
   9.5884120948944735E-003
   6.5633134430600456E-003
   4.2711861042207047E-003
   4.2318310959985938E-003
   4.4342005696169180E-003
   5.2931920155839148E-003
   7.0136300149814326E-003
   7.9295317422674663E-003
   5.9907548639996028E-003
   9.3396676871563659E-003
   8.4228893133303437E-003
   9.8239328400483716E-003
   9.8592448857390807E-003
   4.6341889933579072E-003
   6.5786830942612569E-003
   7.5902177416967117E-003
   5.4847981818202532E-003
   3.8698787596881498E-003
   9.9385808614109450E-003
   7.4162435622767220E-003
   3.8533572461224774E-003
   3.9395032594352983E-003
   8.3291162560635689E-003
   1.0770480529294905E-002
   5.0287097529383316E-003
   1.0145694649411069E-002
   4.6546242507434091E-003
   9.7929601470218754E-003
   7.2391659105518627E-003
   4.8000288608416389E-003
   3.7047316478675467E-003
   6.2179436873532456E-003
   1.0812757212740162E-002
   3.3231382483791820E-003
   3.2344627318096598E-003
   4.9504624567108151E-003
   5.1131024690620830E-003
   3.1476211704725152E-003
   9.8831313565529415E-003
   6.1405725906932742E-003
   8.0530142426407086E-003
   5.2439223805575324E-003
   3.6268613603954451E-003
   8.6269129146702029E-003
   6.2156975736767251E-003
   1.0204074419372379E-002
   9.8239328400483716E-003
   1.0262006987506990E-002
   8.7871723614606611E-003
   4.4659205343912135E-003
   8.3420764386168671E-003
   8.7828819654729474E-003
   8.7162899347959996E-003
   7.5728505902170219E-003
   8.9364153048324645E-003
   4.2019428377741029E-003
   1.0037393911757741E-002
   4.5395255035400222E-003
   1.0311329980466506E-002
   8.2404621315146399E-003
   8.5987952070949152E-003
   3.8406964622187244E-003
   7.9375801236617454E-003
   1.0770480529294905E-002
   8.2509636761601071E-003
   5.5334839008508328E-003
   6.3299155328177086E-003
   7.3926793424649827E-003
   4.7779552286139008E-003
   8.5695772735743664E-003
   4.6888036526613703E-003
   9.2395731190247771E-003
   3.9005772049958256E-003
   7.3333746200099064E-003
   8.3291162560635689E-003
   1.1119996653556785E-002
   7.0521944076487779E-003
   1.0314451614512801E-002
   7.5992406614231863E-003
   9.6375774097337795E-003
   4.2402752668240671E-003
   8.3494764783326493E-003
   8.2259679460461536E-003
