  -491.03609011413585     
   387028.80503199890     
   762906.11949160963     
   1281912.0237126614     
   1575940.9360715125     
   2704658.8525457210     
   2785412.2573503936     
   4130520.1125620375     
   4616070.5592776444     
   4776921.7865845012     
   5292843.1525807818     
   6029285.7324438151     
   6190523.1181437103     
   7826480.6987080760     
   8442919.5771685615     
   8598513.8836654760     
   8918973.5083415508     
   9920649.2732611857     
   10085604.771780210     
   10835879.224586811     
   11449065.895297606     
   12221867.928416390     
   12516273.268788876     
   13558989.348265342     
   14187102.355439033     
   14713916.188115524     
   15118039.697239993     
   15753389.122164585     
   16732582.488340193     
   17363928.671970669     
   17602796.203140780     
   19540725.705253679     
   19675106.834312309     
   20173304.724419437     
   21347142.050904021     
   21843099.903180387     
   23092603.621996488     
   23693688.998096354     
   24581584.197464567     
   26577523.614311032     
   26639472.130197991     
   27112080.016941179     
   27808930.230089117     
   28453198.616635557     
   28806279.547678206     
   29655057.246671081     
   29953364.865786567     
   30853726.211990688     
   31345903.249381382     
   32176549.231888548     
   32698450.321871322     
   33004757.200289126     
   33534540.438016497     
   34590616.745226435     
   35460546.151033275     
   36026691.479280107     
   37015930.574201494     
   37260788.350491293     
   37891678.132846341     
   38279178.240509167     
   38657811.570998251     
   39276474.977814384     
   39794900.831359170     
   40885005.336253293     
   41768159.027443223     
   42341945.844025776     
   43228699.121650532     
   43552157.360005178     
   43966676.534568615     
   44687992.765005834     
   45910191.763386942     
   46814506.472081639     
   47381497.997467063     
   47749038.385951392     
   48194207.602690138     
   48442389.874883488     
   49418893.384501278     
   51393028.168311968     
   51863061.024770133     
   53398224.246715285     
   54029693.256959565     
   54721373.177787967     
   55422257.451132827     
   56235905.351740852     
   57438341.945401900     
   57792948.607572518     
   60681324.701038972     
   62604351.892633855     
   63621406.225747772     
   64533367.890898496     
   67037662.696491890     
   67608090.521884948     
   70081914.305099592     
   71594270.340927601     
   75815023.474522471     
   76517884.250081837     
   77537808.523014516     
   78855754.369116992     
   79208691.061109260     
   83442098.445979148     
   87725852.115530208     
   88975248.187545419     
   92799593.999611437     
   95904609.017475218     
   97340025.879792854     
   101932225.82155932     
   104291934.01299939     
   109512680.14439017     
   110779315.50688487     
   115068341.09651619     
   119107196.88517056     
   129024686.88630027     
   135140288.44604734     
   136667409.63036197     
   138171376.79276398     
   144968053.59947050     
   145968735.22584859     
   152505776.42554542     
   161206257.24662569     
   169555835.70484617     
   180702811.89910436     
   181544834.94260493     
   186334805.64277887     
   195777800.07207942     
   205866343.01523042     
   219947172.49519432     
   236935577.82903132     
   241347631.35108563     
   246740568.73255995     
   252386464.48499683     
   271618163.05558467     
   277241299.66506863     
   284881906.18003607     
   313032037.13344371     
   316233519.76301211     
   328268206.37596929     
   336530553.62387049     
   351177897.94151157     
   359119178.63971418     
   370937382.06238675     
   385369189.86481440     
   408606805.71969622     
   426039668.40106487     
   453265898.34359813     
   462631694.99310750     
   503950860.65490937     
   531000569.70102632     
   551018296.55986178     
   565887576.53001440     
   581649199.32402468     
   660192008.28292978     
   671500563.75555325     
   713727520.26543665     
   725772219.22614491     
   738193606.30255640     
   800385026.46212471     
   853798978.13026130     
   922026957.38752449     
   956397423.10227191     
   1023647483.2683835     
   1078133062.8876810     
   1097599014.3697557     
   1189901789.6546185     
   1209277808.2714844     
   1278737156.4804287     
   1341981580.0622215     
   1445355519.6955802     
   1488289039.7283463     
   1506609530.0600870     
   1587937964.2486320     
   1659264864.6467404     
   1761652326.5857170     
   1853100249.3690662     
   2002870288.7535696     
   2190130908.7150755     
   2324518311.1848927     
   2428530678.3373675     
   2707902824.7048407     
   2782809054.6100206     
   3039576558.1625490     
   3333331840.2851796     
   3506571352.3344531     
   3843468947.5685925     
   4410210705.3879614     
   4536324348.4694271     
   4667617113.9706755     
   5080516383.2637720     
   5415943608.3994570     
   5738699351.6338520     
   6379341467.2116289     
   6860364475.0146761     
   7298284722.0197353     
   8094542590.0891294     
   10259835243.214199     
   10868909611.841368     
   12673987633.184452     
   16058545096.637938     
   21232927970.529312     
   26325775373.397118     
   88122717396.787033     
