  -13319.960274243704     
  -11700.339738751942     
  -10124.993923988535     
  -9951.3606137765673     
  -9597.8132233041379     
  -8562.3643139045362     
  -8306.5799261312186     
  -7998.6985528724863     
  -7014.9241621684050     
  -6737.6364074760641     
  -6587.1869305137670     
  -6418.2720604998822     
  -6217.6228409691412     
  -5941.3537063389322     
  -5476.7612538719914     
  -5156.2505253492591     
  -4923.9967103569224     
  -4844.2252307156195     
  -4585.6805117114318     
  -4351.8294755150519     
  -3953.7988775325343     
  -3581.7415417059619     
  -3326.3646611070558     
  -3273.4785448792659     
  -3166.8014508072902     
  -3022.5845600681487     
  -2857.1054755867949     
  -2730.9903242391060     
  -2536.9102108424895     
  -2440.2392596824234     
  -2216.3044302223275     
  -2029.8581733958035     
  -1747.6631069799116     
  -1680.3189343501506     
  -1486.6855354849954     
  -1418.8824892938742     
  -1208.4840546240900     
  -1127.8262240863819     
  -911.83492060550805     
  -878.67940058870283     
  -624.57383621577117     
  -495.85149717067344     
  -217.25303226313605     
  -111.45879101629536     
   101.60839414404110     
   190.14484634927234     
   425.95240437562154     
   433.41729487857828     
   531.57096411600912     
   655.90857022138130     
   681.20440322181014     
   794.83403664386935     
   927.94252954618173     
   967.56546299372644     
   1086.4291008298546     
   1258.3546048958942     
   1350.5983784651360     
   1505.8001716799863     
   1632.5469250148669     
   1729.3027413658126     
   1900.9276466208737     
   2037.1381219919433     
   2225.7880328318233     
   2294.9985172795491     
   2326.7102628521093     
   2519.5309466170334     
   2536.2512395860022     
   2663.7952749692404     
   2748.7188054630319     
   2799.5452501568111     
   3021.2619766156317     
   3251.5601642618089     
   3330.6568057146337     
   3399.7791724938479     
   3501.3547272119363     
   3666.0081504182413     
   3791.6052500378773     
   4080.4068894613933     
   4159.1339542189708     
   4266.3230341874314     
   4366.1616875900863     
   4411.8872493901445     
   4501.6479076489386     
   4581.8652675926332     
   4643.3466085083928     
   4724.2135315192972     
   4937.5567807116986     
   4986.9502715576818     
   5250.7552147501519     
   5332.3946712795641     
   5497.8828706991408     
   5554.7467985580015     
   5698.5561917665991     
   5759.0594687389766     
   5788.6838286008879     
   6140.4370661838675     
   6394.1260168063382     
   6555.8808958435220     
   6581.4527137985860     
   6682.8782393123583     
   6793.3559554616595     
   7163.3689846838561     
   7220.9506689545242     
   7429.8838786460128     
   7454.0679262057320     
   7580.2191647200489     
   7969.5804381317594     
   8155.4764291511156     
   8281.6009877802171     
   8419.5242392137188     
   8630.6577508206519     
   8798.5938684476259     
   9062.0430685507326     
   9135.8581541205094     
   9319.7915535181382     
   9446.2245741822408     
   9549.1616513605077     
   9904.3048674260499     
   10130.618032277618     
   10460.835595979939     
   10623.256426192676     
   10758.084154141481     
   10870.508952870328     
   11038.204670127609     
   11270.294781015871     
   11415.917402727924     
   11487.364314597946     
   11715.421952793389     
   11815.385564777356     
   11978.909108434565     
   12299.095560561938     
   12352.432432063286     
   12456.034458148746     
   12563.607478599904     
   12653.451063252034     
   12819.934236261543     
   13170.774499347310     
   13269.051654511084     
   13383.318043738838     
   13653.724990899256     
   13763.221223534518     
   13829.968244718099     
   13958.718430038192     
   14023.541348028961     
   14233.722495242386     
   14297.364435711752     
   14380.872041096534     
   14578.393072398487     
   14608.975744728359     
   14801.700773133956     
   14995.048883029851     
   15091.008859714579     
   15160.076205437170     
   15358.738516116273     
   15433.782664509914     
   15570.703373821363     
   15768.935947983964     
   15857.209981978358     
   16049.204446990901     
   16084.138348865768     
   16416.594609201245     
   16478.231220420548     
   16726.065005363740     
   16882.609732606674     
   17080.076413277584     
   17197.131584220835     
   17310.783327058565     
   17394.149631126063     
   17496.048117255952     
   17667.845564515603     
   17803.623066137108     
   18161.831888057241     
   18225.269732797788     
   18337.241104059278     
   18455.132096418500     
   18684.709967945782     
   18889.037634443601     
   19170.599605514260     
   19219.581315403932     
   19401.097097519214     
   19480.759100801759     
   19583.980339911031     
   19970.490645610367     
   20056.242843558080     
   20263.951279922581     
   20462.507896656651     
   20714.752618799135     
   21061.954216865011     
   21370.652522259898     
   21811.986755432496     
   21946.336159730221     
   22521.189100860738     
   22900.520669369555     
   23023.262295676919     
   23839.722427327080     
   24695.522204709261     
   25281.523513245746     
   26058.440720556489     
   26871.723573208397     
   28502.355518768181     
