           1  -6.0609789299152610E-003
           2  -4.9826077052220537E-002
           3  -5.7340180062668111E-002
           4  -6.7393787357307569E-002
           5  -4.9249232396627547E-002
           6  -5.7129089631217059E-002
           7  -3.3030774409580979E-002
           8  -5.6493008172852570E-002
           9  -3.1471363066051410E-002
          10  -4.9378382872273800E-002
          11  -6.4973240963727280E-002
          12  -2.1487922733565055E-002
          13  -5.0465398381915924E-002
          14  -6.4339179592548035E-002
          15  -8.6365166413951509E-003
          16  -3.8554616609196173E-002
          17  -4.3616825702635136E-002
          18  -1.3949878535935902E-002
          19  -4.5315793639556040E-002
          20  -5.9371205747151989E-002
          21  -5.1544678104634478E-002
          22  -6.1567984747359111E-002
          23  -4.8701982149301895E-002
          24  -2.1300041066906136E-002
          25  -4.2139309637444250E-002
          26  -4.2491760360300147E-002
          27  -5.5466365370757907E-002
          28  -5.9291037998724538E-002
          29  -4.3374600065766225E-002
          30  -2.3645195119469952E-002
          31  -3.3006529609356655E-002
          32  -2.1814540231823325E-002
          33  -2.8321575499869626E-002
          34  -1.0101668705542041E-002
          35  -3.2413303105243159E-002
          36  -3.4865207831518433E-002
          37  -6.6012314812759557E-002
          38  -5.7917854320333001E-002
          39  -5.1944630325594189E-002
          40  -6.5733999513118160E-002
          41  -4.9951087853349035E-002
          42  -4.9261952156947425E-002
          43  -5.0307684363551319E-002
          44  -4.6387425368939132E-002
          45  -6.5956865390686209E-002
          46  -2.4895298419628648E-002
          47  -4.4299813247259248E-002
          48  -4.7742732542558591E-002
          49  -6.4474224376069075E-002
          50  -2.0096911775934541E-002
          51  -4.8953813907196199E-002
          52  -4.2947811928939830E-002
          53  -5.7850203315060016E-002
          54  -3.4469635138193330E-002
          55  -6.6641784486773506E-002
          56  -6.3211675194828079E-002
          57  -4.0330235646653945E-002
          58  -3.1633198241681912E-002
          59  -5.1884312318861356E-002
          60  -3.9936642717541916E-002
          61  -5.5444078044723746E-002
          62  -6.0468984764420017E-002
          63  -2.8998470722558622E-002
          64  -5.2902598749972850E-002
          65  -5.0023801116175645E-002
          66  -6.0533434011441983E-002
          67  -6.6932753108230422E-002
          68  -3.5300105129136283E-002
          69  -6.1901985931152488E-002
          70  -6.4035863798416928E-002
          71  -5.6065830786791976E-002
          72  -3.9278232585419695E-002
          73  -1.0069211462215967E-002
          74  -6.4098641793263134E-002
          75  -6.6926756813054197E-002
          76  -5.9227447521633843E-003
          77  -5.3915758359499633E-002
          78  -5.2037996332443694E-002
          79  -2.3018246698868032E-002
          80  -5.9135290536855303E-002
          81  -5.5573693617694687E-002
          82  -3.4761963254027445E-002
          83  -1.7964040967564980E-002
          84  -1.4544706223100907E-002
          85  -5.4533330375321709E-002
          86  -5.1752639247461187E-002
          87  -6.0236818742994393E-002
          88  -6.2888388929269415E-002
          89  -1.5950240686780567E-002
          90  -4.6557302254346754E-002
          91  -6.7798237822419449E-002
          92  -1.1707360449641343E-002
          93  -6.4813274037427121E-002
          94  -3.9177423171788670E-002
          95  -4.7749861552280989E-002
          96  -8.0149616926158875E-003
          97  -3.1619727318829345E-002
          98  -5.7980895227106234E-002
          99  -4.0466825296946805E-002
         100  -1.5303727655591898E-002
         101  -6.0662160062130419E-002
         102  -3.1285344064022280E-002
         103  -4.3349766799309714E-002
         104  -6.2611325671513202E-002
         105  -3.2790202767191863E-002
         106  -4.7087588494088020E-002
         107  -4.7876861766168219E-002
         108  -2.5192278911259032E-002
         109  -5.8779006586494723E-002
         110  -4.5173352441905006E-002
         111  -3.9434228677407902E-002
         112  -6.4153906023023399E-002
         113  -6.8252751869327860E-002
         114  -5.1922349741999413E-002
         115  -3.4335926569855173E-002
         116  -6.8418990056232046E-002
         117  -3.4997198160073552E-002
         118  -6.9779661837071336E-002
         119  -6.5296291710280743E-002
         120  -1.0939640627921830E-002
         121  -3.9643532713562440E-002
         122  -3.0130120754596097E-002
         123  -2.9871722767311735E-002
         124  -4.2941411348485323E-002
         125  -4.7598098911413256E-002
         126  -5.3295058753224510E-002
         127  -5.9818365323509412E-002
         128  -3.9886697904495200E-002
         129  -5.5015692502859807E-002
         130  -6.2151074849307805E-002
         131  -3.6134905393558417E-002
         132  -3.1828896945692770E-002
         133  -5.8905925612567592E-002
         134  -5.7198699231924229E-002
         135  -3.9169502762214925E-002
         136  -5.4846109189606737E-002
         137  -5.5013731004044726E-002
         138  -2.9985813421223848E-002
         139  -2.6038974074577378E-002
         140  -5.2620085297747941E-002
         141  -6.9684140150301457E-002
         142  -2.0537196460588124E-002
         143  -6.9414884317715045E-002
         144  -6.8325967698036789E-003
         145  -5.3273715057282643E-002
         146  -3.2536815187246215E-002
         147  -2.6104420504253933E-002
         148  -5.8677946277761024E-002
         149  -6.1408175412166102E-002
         150  -6.4703882258528259E-002
         151  -1.0419895981641659E-002
         152  -4.7708478648633923E-002
         153  -4.2453017525047994E-002
         154  -4.1651152145211569E-002
         155  -2.0113354728627332E-002
         156  -6.3265901449047521E-002
         157  -4.9086089562709323E-002
         158  -4.1286553786760806E-002
         159  -5.6663857551006627E-002
         160  -1.4779270961256681E-002
         161  -6.3158526991993980E-002
         162  -4.6767893945854483E-002
         163  -6.1565795414918661E-002
         164  -5.9747321910538824E-002
         165  -6.1774130504640992E-002
         166  -5.9336311459400798E-002
         167  -3.6219942551965673E-002
         168  -5.3778435366015648E-002
         169  -5.4726742966351077E-002
         170  -4.0060941718618140E-002
         171  -4.3458776437815330E-002
         172  -5.4660967290947673E-002
         173  -1.8945051717034853E-002
         174  -5.3511144896107719E-002
         175  -3.3798282281110148E-002
         176  -5.3886862608503561E-002
         177  -4.2264105583590374E-002
         178  -4.1144011549226187E-002
         179  -3.4783145930748258E-002
         180  -3.2780318351429263E-002
         181  -6.4805898552831934E-002
         182  -3.7456611664913438E-002
         183  -5.2781994792584469E-002
         184  -6.4998472416183284E-002
         185  -6.1897059427629353E-002
         186  -4.1377512866114713E-002
         187  -5.2768617952936782E-002
         188  -1.3504886959599732E-002
         189  -5.4853180549893299E-002
         190  -2.3691439222655312E-002
         191  -3.6821432293523304E-002
         192  -6.3002762488345299E-002
         193  -6.3769713665924072E-002
         194  -2.9582146019939339E-002
         195  -5.8816978750390034E-002
         196  -6.7146085189595445E-002
         197  -4.9842402772429122E-002
         198  -1.2480084564268438E-002
         199  -4.3776110655896469E-002
         200  -3.4782547692107091E-002
