  -21.122213296761043       -3.9058264665947373        24.154203306461511     
  -10.353411320264721        5.1132736559210104       -14.995565352965333     
  0.19045362389902806       -6.3119149909651187        13.445370557842628     
   1.3617521038615448        2.3556096638089636       -16.506172359786625     
   13.197687274594038       -9.2613675666752311        20.283250531153492     
  -2.2774074445198393        2.9522095743119094        11.454748069789824     
  -7.1462072901671458        6.0253585798182367        28.054846348023890     
   13.619852307228967       0.43137197719539411        17.785635517810867     
  -11.767962137289684        1.6240666075264145        22.717967568193487     
   2.6219352185930211       -15.916974122603635        8.1828408982124490     
  -8.6758630692339203E-002  -3.2053206905730045       0.75960006684765002     
   5.3137300761608239        15.907392325771932        45.401449903198689     
  -8.1868439778171123        2.8301251441935760       -28.537062592955973     
   2.9496076173732111       -1.4612985503396794        9.3994103126345774     
  -12.432971758449124        2.1339610195748793        39.804711691769121     
  -9.9007135362760117       -9.7528353498858227        13.512720408361373     
  -3.7914757600295106       -9.9754181819623842        18.576455318202072     
  -9.7051255522044961        13.540944168758356        35.666138680010746     
  -12.661124000753231        2.1867989014883755       -21.866988224079698     
   3.2546487023380832        3.4261477707804606       -37.227345385070407     
   6.5555446159730204        14.412134932769758       -3.2904367739834970     
   13.165361775121362        1.5153828458283132        8.3248670331621550     
  -6.2841192841492921       -3.0466530322106782        15.480108276155542     
  -21.156774441037989       -12.244268693373701       -16.521470139717884     
  -1.1076319053165520        16.062337925741907       -17.974449147252418     
  -7.3589467617858508       -12.707257170347713       -35.692749692838213     
  -8.8413319814454052       -2.5127522749000071       -13.917865561567055     
  -3.4327854214068871       -7.6973510097017908       -19.901443681927518     
  -5.4960960528115743       -16.261966206168090        4.2252037467729000     
  -19.141601309464154        8.8473218073118218       -9.3727934850606864     
  -9.8257489813409880        12.799362441680650        7.3039967035653914     
  -16.198224568304394       -20.626048362392979       -8.2276560221753705     
   1.8067282119750265        15.892647946972524        33.875507213615180     
  -18.989376407643000       -13.362753949956691        17.450027409747197     
  -14.903026795581230       -13.940048187004670       -27.325805832390863     
  -10.125232510530491        13.470926017715446       -11.355728146207465     
   11.207376940879540       -5.1354207961879501       -25.488443006527497     
  -5.9140411835003990       -7.0619301311760125       -9.2816988177772881     
   2.4202201379978701       -11.176627362474800       -42.569676919958965     
   13.047203190486671       0.91631726339129094       -1.0484898220972332     
   10.870954957241487       -21.212646528701804       -2.5175862634541355     
   3.0964154284471817       0.14351462762579709        25.310738418131926     
   5.1230104803283920       -19.329412939488066       -33.207917653836112     
  -4.8304385403284487       -1.3244386125086087       -45.438782129347970     
 -0.83363222349530020       -3.8508599204844329       -14.233652053590321     
  -21.137013733967624       -4.0510581167953701       -25.903338011680791     
  -1.0433171246732083        15.063315342876789       -8.4539488032833265     
   5.8737672848118718       -23.490800265617363       -21.573897994700136     
   4.5399364298251035      -0.88630692036591907       -29.592878952369645     
  -22.471775327251837        5.4485089535931284       -19.144009559062706     
  -9.9711077028832023       -5.2111199181597812       -24.576583443551176     
   3.2244490178977521       -7.7153993239833243        26.971701005484572     
  -3.0856397764581236        8.1175786105925916       -14.679690732947691     
  -8.9315213027101095        14.248226009135049       -29.630558309150146     
   3.4985852380099911       -4.3816308639837587       -21.720128896047207     
   5.4986812954372484        5.5943548339747338        8.4922654950118908     
   4.4834350077199030        15.398914733655015        19.883085730544057     
  -13.063691888215548        11.483043446667281       -1.7775677156155794     
  -4.4940890128334487       -13.647680349515342       -4.0790526176045772     
   10.146623435637576       -20.425027546141639        16.563867940902064     
 -0.34969645297826130       0.21763535888378849        17.999322637089357     
   4.1771471410658316       -13.517672972636666       -5.6689204181644071     
  -4.0705766986442722        14.883579138441469        25.419236746983358     
  -1.5297071776442341        9.7361507520844057        8.1417906768337343     
   1.1231336155104477       -18.315434065513401      -0.30786304929822050     
   9.1724044480991918       -5.1307324162582146        12.127042390415532     
   6.6607941097389487       -7.9865129188373629       -10.425332843781922     
   2.4709730218716057       -4.5040264151027420        34.849095269551931     
 -0.27382755364564842       -10.494058962954064       -11.889181253472838     
  -1.6127052062148495        4.2969975855822895       -1.6991719690435549     
   11.775103378335942        10.833545031301121       -41.106099159045627     
  -16.461669087164378       -2.6741725026641809       -16.083744396459096     
  -25.760645280779997       -3.0161986299789216        1.5678385984511958     
   13.813707041467872        1.7796050008054580       -33.275788261113526     
   12.719881248014451       -1.9791211797110426       -9.1271616951676933     
  -18.650830364569774        6.3083044587091290        30.593865242043588     
   8.0842478550376438        14.064650013691196       -13.010710645292805     
  -9.5961454279928340       -1.9957393320170913        3.1519247618954220     
  -10.905525595963557       -24.535406585263114       0.44938050725542378     
   11.624829059299188       -14.992518573407855       -24.390962764340539     
  -6.0003006506944159        5.0969829782997067        4.7689762843515675     
  -5.0886577069641392        13.840241339101256        15.510589007236987     
  -13.495131050165149       -20.465022956519761        10.500506264730666     
  -5.4534886307981685       -11.645324545609443        37.741473102724022     
  -2.1433629441504127        7.1337576124447395       -31.942287623461102     
  0.71383745580727331        12.280726044487073       -25.850179850197993     
  -2.4835418961062286       -3.0550869676687964       -26.118137944040445     
   12.233338497589143       -6.5392569374970879        3.2916832413466754     
  -9.8285470513790418       -19.380987058057116        21.786107541569397     
  -10.608178553345969       -9.7760301856779108       -16.973082356330853     
   6.3968780708745330       -5.2309326333738797       -2.7388058109806961     
  -23.408338685713964        6.6318889711443525        6.9119476214573830     
  -3.2236948012879103       -1.1273185411606708       -5.3250878532097010     
   7.7478416259876424       -24.744783279949182        7.2545460147366079     
  -9.2916015389759536        1.0380798088695928        10.087179092099257     
  -22.392083169230045        5.9030426349959484        18.826517145577313     
  -13.979488731701808        7.3246174394595274        12.910558330816867     
   1.6301205573508561       -12.595271020118217       -24.610609599202864     
  -4.3501935008729777       -21.870446130765803       -7.0015647869149662     
  -23.046909193896859       -11.746937886643321       -5.2875181240425926     
   11.834483764471479       -9.4242979707603602       -35.308919661111993     
  -4.9642337935147216       -10.072692390857521        26.956768005003507     
  -4.4319210055438019       -2.0228099514205802        23.854774328606851     
   12.430271698597975        7.9995784854041760       -6.6761769329814529     
  0.58391570084239408       -28.291175033035799      -0.33276427148076665     
   7.2043889760739503        17.133656608348751       -32.520555769084339     
  -1.8195528906486591        6.5422850987394847        21.576070423310039     
  0.53454930251177357       -24.411705586058385        19.276087150584761     
   11.746664110440772        9.2023884603884643        3.1019148181825602     
  -7.2149881500800550        4.7679319925266839        16.738963643378952     
  -4.1922241110913481       -16.084936948919584        12.747629135048289     
 -0.16653954728386972       -7.4364487984099714       -5.0422822959137497     
   6.2629362315495554      -0.69617913680708510        3.2260909249143492     
  -2.9850406688773905       -15.503096156507562       -18.582527037984246     
  -17.419281825737738        2.5288962602756855       -2.0051418731777875     
   5.2031716098582868        2.9779160951473478       -3.3650773204482505     
  -11.231542775798312        8.2996125436340371       -40.415895331186782     
   6.8923415448629459       -2.2014904121133942       -15.616398762898163     
   13.746034355229122        5.0699016128611198       -16.227497167339386     
  -13.938462644091171       -6.4185979541063647        32.079469308318728     
  -5.1613092535694696       -21.126716465453470       -27.626359924119889     
  -12.839066040114483       -20.313086770701759       -18.592625863877263     
  -13.986302681281289        12.200884076785835       -20.614774721275992     
  -3.7488104768803674        13.619630799160079       0.25004628243521138     
  -6.9048421682069110       -15.083814651834782       -11.507458451880124     
   12.630319292932365       -13.564163951695015        9.4098249909639371     
  -4.9586383629314534       0.33838702482085492       -19.591390748151788     
  -16.267247228684472       -3.4020572131732161       -7.9428764830941008     
  -6.0730944418002926       -7.8830690077317689       0.62490491830667061     
   4.3056519651997682       -7.9697769426285614        6.8470240293961506     
  -3.6418920521456162       -25.909714137624366       -16.544958671322306     
 -0.29060985356129510        5.7577113343444726        37.272369456247382     
   1.6108096628912061       -8.2828822331510814       -31.486450862142977     
   11.588922979107565        12.597831978910078       -23.301892761912082     
  -2.1959687974244413        16.318210462534850       -38.858641870233384     
  -5.6753877309963272        7.5985657691242654       -6.4849061589762762     
  -3.4972648991068600       -1.6748467722578237       -34.148510236194824     
   11.473695360716091       -3.6369151406592612        41.774128753680564     
  -18.426667695585021        7.1047180668820404       -30.484733104068852     
  -5.4420206151803185        7.8139799560276275       -22.101810817227911     
   6.6306743267728141        3.6951349054202458       -11.363064880727825     
  -13.026997213422115        11.702506532690403        21.818752879250138     
   2.9961989761587757       -1.7825326366599150       -8.5134422395295974     
  -24.717746351047502       -4.0806256046575440        12.959579204601276     
  -3.4406628692420260       -9.6247948165290449        7.9832429639747531     
  -4.6202952904496550      -0.78309110573776264        32.096320341850060     
  -3.6547402343678836       -25.700507290332698        9.3685821626486412     
   9.7580097058538957       -1.3564535442157120       -45.581719218655969     
   13.150663278778129       -11.113360705055296       -5.0852151220630386     
  0.34679915961621438        2.6413044618559605        4.5985020038223654     
  -5.7988969299206845        9.9110759206866437        47.414781517085721     
   1.6001174215749832        9.5088186242343209       -48.544047958641258     
   5.7857956629087255       -26.759673883876228       -10.146363629554561     
   12.405411706053881       -6.5536588819741972        30.457137950743626     
   6.7619780487379755        4.2356098932567070        50.415493770721653     
   4.2620285086954386        8.4220408156926290       -18.825237466067513     
   13.230958240278543        2.8638112619724221        26.857533202515192     
   2.1858255461868219       -14.156417304045291        21.556332536382467     
   11.690897119494739       -17.535308443940046       -13.188307801738731     
  -2.5504197867472285       -2.9474108963464354        45.347800359560985     
   4.9038574417865615       -11.209890559486603       -17.424280469179347     
   5.7187394601635413        15.000803245171234        8.5718483637831984     
   2.8486663870487283        8.5361929893953334        1.6363070780064328     
  0.43931053842382312       -10.680504364519503        1.4367239943860510     
   5.7807916134288790        1.8072436803317655        14.878866618927889     
   7.4749471833753312       -13.366203618342853        1.8702702112132932     
   12.626748482988670        8.3544471411500716        38.817000970809367     
   6.2259585992630173        6.0500512961815938        21.404858268468285     
   1.9776182760585708       -17.688739593993130       -12.199800032628696     
  -13.572005625593269        4.9230673062420243        4.7151893454986844     
   6.3418970885519697        2.4640194973966008        32.671880486173116     
   4.8865136619997873       -4.9131709303505771        19.485181595532826     
  -1.0264339016942654       -20.012336858118076        30.180842425503624     
  -8.7901744719947459        3.3462901400179863       -1.4732513337409991     
   10.310893012272928       -17.474767399785446        27.310939519475518     
  -9.5945145798191991       -3.6573272756545330       -4.0995017974072470     
  -12.803015883723337       -10.563400411316916       -8.3029536273790523     
  -11.476893928305829       -9.3897411891685323        6.0607744261095675     
  -14.627033889759780       -3.2918026050267168       -36.071637307357612     
  -14.350833104145902       -1.8668938818849885        15.468330823283846     
   1.2897068400749203        6.8891537458626058       -8.5889895373905887     
  -15.764782590204719       -6.1871901725688501       -8.3711901463833407E-002
   11.802120609652459        9.7474154775894331        14.652458519569596     
   13.632793219132719       -7.8860148466536408       -16.731068564417384     
   6.1731716522981248        7.1716937862230496       -29.781675645466699     
   10.208242491245018        12.593852235022442        28.184781599600164     
   5.4573090818820980       -11.675461477911329        14.801297485303875     
  -25.957240853913767      -0.34131164862773095       -9.7794139061396042     
   1.7747190676663449        8.0464043796129161        14.881773631672644     
   6.6606499998067061       -14.461052889049817        38.238842621116852     
  -12.284003073137585       -14.165011388681162      -0.62703565419522711     
  0.81019469663469845        3.7160956499917295       -24.138358444543382     
  -3.8085522988688796        1.9832786560726550       -11.236616343583917     
  -11.106764992562361       -7.1733563065755348        21.664320268351791     
  -3.7430294382103804       -2.5718199718318120        6.8781613207791370     
   8.8074001572398224        2.7207726263471312       -23.216358193866078     
  -11.369525099747490        2.6719496724897840       -8.1644749148450622     
  -21.421626572280239       -13.748389046468182        5.9146427495722298     
   1.2683762822558939        7.3537150570494605        28.625202917875125     
  -16.147569527381641       -2.5084922419777875        7.3470465854704425     
