   1000.0000000000000     
   999.10000000000002     
   998.20000000000005     
   997.30000000000007     
   996.40000000000009     
   995.50000000000011     
   994.60000000000014     
   993.70000000000016     
   992.80000000000018     
   991.90000000000020     
   991.00000000000023     
   990.10000000000025     
   989.20000000000027     
   988.30000000000030     
   987.40000000000032     
   986.50000000000034     
   985.60000000000036     
   984.70000000000039     
   983.80000000000041     
   982.90000000000043     
   982.00000000000045     
   981.10000000000048     
   980.20000000000050     
   979.30000000000052     
   978.40000000000055     
   977.50000000000057     
   976.60000000000059     
   975.70000000000061     
   974.80000000000064     
   973.90000000000066     
   973.00000000000068     
   972.10000000000070     
   971.20000000000073     
   970.30000000000075     
   969.40000000000077     
   968.50000000000080     
   967.60000000000082     
   966.70000000000084     
   965.80000000000086     
   964.90000000000089     
   964.00000000000091     
   963.10000000000093     
   962.20000000000095     
   961.30000000000098     
   960.40000000000100     
   959.50000000000102     
   958.60000000000105     
   957.70000000000107     
   956.80000000000109     
   955.90000000000111     
   955.00000000000114     
   954.10000000000116     
   953.20000000000118     
   952.30000000000121     
   951.40000000000123     
   950.50000000000125     
   949.60000000000127     
   948.70000000000130     
   947.80000000000132     
   946.90000000000134     
   946.00000000000136     
   945.10000000000139     
   944.20000000000141     
   943.30000000000143     
   942.40000000000146     
   941.50000000000148     
   940.60000000000150     
   939.70000000000152     
   938.80000000000155     
   937.90000000000157     
   937.00000000000159     
   936.10000000000161     
   935.20000000000164     
   934.30000000000166     
   933.40000000000168     
   932.50000000000171     
   931.60000000000173     
   930.70000000000175     
   929.80000000000177     
   928.90000000000180     
   928.00000000000182     
   927.10000000000184     
   926.20000000000186     
   925.30000000000189     
   924.40000000000191     
   923.50000000000193     
   922.60000000000196     
   921.70000000000198     
   920.80000000000200     
   919.90000000000202     
   919.00000000000205     
   918.10000000000207     
   917.20000000000209     
   916.30000000000211     
   915.40000000000214     
   914.50000000000216     
   913.60000000000218     
   912.70000000000221     
   911.80000000000223     
   910.90000000000225     
   910.00000000000227     
   909.10000000000230     
   908.20000000000232     
   907.30000000000234     
   906.40000000000236     
   905.50000000000239     
   904.60000000000241     
   903.70000000000243     
   902.80000000000246     
   901.90000000000248     
   901.00000000000250     
   900.10000000000252     
   899.20000000000255     
   898.30000000000257     
   897.40000000000259     
   896.50000000000261     
   895.60000000000264     
   894.70000000000266     
   893.80000000000268     
   892.90000000000271     
   892.00000000000273     
   891.10000000000275     
   890.20000000000277     
   889.30000000000280     
   888.40000000000282     
   887.50000000000284     
   886.60000000000286     
   885.70000000000289     
   884.80000000000291     
   883.90000000000293     
   883.00000000000296     
   882.10000000000298     
   881.20000000000300     
   880.30000000000302     
   879.40000000000305     
   878.50000000000307     
   877.60000000000309     
   876.70000000000312     
   875.80000000000314     
   874.90000000000316     
   874.00000000000318     
   873.10000000000321     
   872.20000000000323     
   871.30000000000325     
   870.40000000000327     
   869.50000000000330     
   868.60000000000332     
   867.70000000000334     
   866.80000000000337     
   865.90000000000339     
   865.00000000000341     
   864.10000000000343     
   863.20000000000346     
   862.30000000000348     
   861.40000000000350     
   860.50000000000352     
   859.60000000000355     
   858.70000000000357     
   857.80000000000359     
   856.90000000000362     
   856.00000000000364     
   855.10000000000366     
   854.20000000000368     
   853.30000000000371     
   852.40000000000373     
   851.50000000000375     
   850.60000000000377     
   849.70000000000380     
   848.80000000000382     
   847.90000000000384     
   847.00000000000387     
   846.10000000000389     
   845.20000000000391     
   844.30000000000393     
   843.40000000000396     
   842.50000000000398     
   841.60000000000400     
   840.70000000000402     
   839.80000000000405     
   838.90000000000407     
   838.00000000000409     
   837.10000000000412     
   836.20000000000414     
   835.30000000000416     
   834.40000000000418     
   833.50000000000421     
   832.60000000000423     
   831.70000000000425     
   830.80000000000427     
   829.90000000000430     
   829.00000000000432     
   828.10000000000434     
   827.20000000000437     
   826.30000000000439     
   825.40000000000441     
   824.50000000000443     
   823.60000000000446     
   822.70000000000448     
   821.80000000000450     
   820.90000000000452     
   820.00000000000455     
   819.10000000000457     
   818.20000000000459     
   817.30000000000462     
   816.40000000000464     
   815.50000000000466     
   814.60000000000468     
   813.70000000000471     
   812.80000000000473     
   811.90000000000475     
   811.00000000000477     
   810.10000000000480     
   809.20000000000482     
   808.30000000000484     
   807.40000000000487     
   806.50000000000489     
   805.60000000000491     
   804.70000000000493     
   803.80000000000496     
   802.90000000000498     
   802.00000000000500     
   801.10000000000502     
   800.20000000000505     
   799.30000000000507     
   798.40000000000509     
   797.50000000000512     
   796.60000000000514     
   795.70000000000516     
   794.80000000000518     
   793.90000000000521     
   793.00000000000523     
   792.10000000000525     
   791.20000000000528     
   790.30000000000530     
   789.40000000000532     
   788.50000000000534     
   787.60000000000537     
   786.70000000000539     
   785.80000000000541     
   784.90000000000543     
   784.00000000000546     
   783.10000000000548     
   782.20000000000550     
   781.30000000000553     
   780.40000000000555     
   779.50000000000557     
   778.60000000000559     
   777.70000000000562     
   776.80000000000564     
   775.90000000000566     
   775.00000000000568     
   774.10000000000571     
   773.20000000000573     
   772.30000000000575     
   771.40000000000578     
   770.50000000000580     
   769.60000000000582     
   768.70000000000584     
   767.80000000000587     
   766.90000000000589     
   766.00000000000591     
   765.10000000000593     
   764.20000000000596     
   763.30000000000598     
   762.40000000000600     
   761.50000000000603     
   760.60000000000605     
   759.70000000000607     
   758.80000000000609     
   757.90000000000612     
   757.00000000000614     
   756.10000000000616     
   755.20000000000618     
   754.30000000000621     
   753.40000000000623     
   752.50000000000625     
   751.60000000000628     
   750.70000000000630     
   749.80000000000632     
   748.90000000000634     
   748.00000000000637     
   747.10000000000639     
   746.20000000000641     
   745.30000000000643     
   744.40000000000646     
   743.50000000000648     
   742.60000000000650     
   741.70000000000653     
   740.80000000000655     
   739.90000000000657     
   739.00000000000659     
   738.10000000000662     
   737.20000000000664     
   736.30000000000666     
   735.40000000000668     
   734.50000000000671     
   733.60000000000673     
   732.70000000000675     
   731.80000000000678     
   730.90000000000680     
   730.00000000000682     
   729.10000000000684     
   728.20000000000687     
   727.30000000000689     
   726.40000000000691     
   725.50000000000693     
   724.60000000000696     
   723.70000000000698     
   722.80000000000700     
   721.90000000000703     
   721.00000000000705     
   720.10000000000707     
   719.20000000000709     
   718.30000000000712     
   717.40000000000714     
   716.50000000000716     
   715.60000000000719     
   714.70000000000721     
   713.80000000000723     
   712.90000000000725     
   712.00000000000728     
   711.10000000000730     
   710.20000000000732     
   709.30000000000734     
   708.40000000000737     
   707.50000000000739     
   706.60000000000741     
   705.70000000000744     
   704.80000000000746     
   703.90000000000748     
   703.00000000000750     
   702.10000000000753     
   701.20000000000755     
   700.30000000000757     
   699.40000000000759     
   698.50000000000762     
   697.60000000000764     
   696.70000000000766     
   695.80000000000769     
   694.90000000000771     
   694.00000000000773     
   693.10000000000775     
   692.20000000000778     
   691.30000000000780     
   690.40000000000782     
   689.50000000000784     
   688.60000000000787     
   687.70000000000789     
   686.80000000000791     
   685.90000000000794     
   685.00000000000796     
   684.10000000000798     
   683.20000000000800     
   682.30000000000803     
   681.40000000000805     
   680.50000000000807     
   679.60000000000809     
   678.70000000000812     
   677.80000000000814     
   676.90000000000816     
   676.00000000000819     
   675.10000000000821     
   674.20000000000823     
   673.30000000000825     
   672.40000000000828     
   671.50000000000830     
   670.60000000000832     
   669.70000000000834     
   668.80000000000837     
   667.90000000000839     
   667.00000000000841     
   666.10000000000844     
   665.20000000000846     
   664.30000000000848     
   663.40000000000850     
   662.50000000000853     
   661.60000000000855     
   660.70000000000857     
   659.80000000000859     
   658.90000000000862     
   658.00000000000864     
   657.10000000000866     
   656.20000000000869     
   655.30000000000871     
   654.40000000000873     
   653.50000000000875     
   652.60000000000878     
   651.70000000000880     
   650.80000000000882     
   649.90000000000884     
   649.00000000000887     
   648.10000000000889     
   647.20000000000891     
   646.30000000000894     
   645.40000000000896     
   644.50000000000898     
   643.60000000000900     
   642.70000000000903     
   641.80000000000905     
   640.90000000000907     
   640.00000000000909     
   639.10000000000912     
   638.20000000000914     
   637.30000000000916     
   636.40000000000919     
   635.50000000000921     
   634.60000000000923     
   633.70000000000925     
   632.80000000000928     
   631.90000000000930     
   631.00000000000932     
   630.10000000000935     
   629.20000000000937     
   628.30000000000939     
   627.40000000000941     
   626.50000000000944     
   625.60000000000946     
   624.70000000000948     
   623.80000000000950     
   622.90000000000953     
   622.00000000000955     
   621.10000000000957     
   620.20000000000960     
   619.30000000000962     
   618.40000000000964     
   617.50000000000966     
   616.60000000000969     
   615.70000000000971     
   614.80000000000973     
   613.90000000000975     
   613.00000000000978     
   612.10000000000980     
   611.20000000000982     
   610.30000000000985     
   609.40000000000987     
   608.50000000000989     
   607.60000000000991     
   606.70000000000994     
   605.80000000000996     
   604.90000000000998     
   604.00000000001000     
   603.10000000001003     
   602.20000000001005     
   601.30000000001007     
   600.40000000001010     
   599.50000000001012     
   598.60000000001014     
   597.70000000001016     
   596.80000000001019     
   595.90000000001021     
   595.00000000001023     
   594.10000000001025     
   593.20000000001028     
   592.30000000001030     
   591.40000000001032     
   590.50000000001035     
   589.60000000001037     
   588.70000000001039     
   587.80000000001041     
   586.90000000001044     
   586.00000000001046     
   585.10000000001048     
   584.20000000001050     
   583.30000000001053     
   582.40000000001055     
   581.50000000001057     
   580.60000000001060     
   579.70000000001062     
   578.80000000001064     
   577.90000000001066     
   577.00000000001069     
   576.10000000001071     
   575.20000000001073     
   574.30000000001075     
   573.40000000001078     
   572.50000000001080     
   571.60000000001082     
   570.70000000001085     
   569.80000000001087     
   568.90000000001089     
   568.00000000001091     
   567.10000000001094     
   566.20000000001096     
   565.30000000001098     
   564.40000000001100     
   563.50000000001103     
   562.60000000001105     
   561.70000000001107     
   560.80000000001110     
   559.90000000001112     
   559.00000000001114     
   558.10000000001116     
   557.20000000001119     
   556.30000000001121     
   555.40000000001123     
   554.50000000001125     
   553.60000000001128     
   552.70000000001130     
   551.80000000001132     
   550.90000000001135     
   550.00000000001137     
   549.10000000001139     
   548.20000000001141     
   547.30000000001144     
   546.40000000001146     
   545.50000000001148     
   544.60000000001151     
   543.70000000001153     
   542.80000000001155     
   541.90000000001157     
   541.00000000001160     
   540.10000000001162     
   539.20000000001164     
   538.30000000001166     
   537.40000000001169     
   536.50000000001171     
   535.60000000001173     
   534.70000000001176     
   533.80000000001178     
   532.90000000001180     
   532.00000000001182     
   531.10000000001185     
   530.20000000001187     
   529.30000000001189     
   528.40000000001191     
   527.50000000001194     
   526.60000000001196     
   525.70000000001198     
   524.80000000001201     
   523.90000000001203     
   523.00000000001205     
   522.10000000001207     
   521.20000000001210     
   520.30000000001212     
   519.40000000001214     
   518.50000000001216     
   517.60000000001219     
   516.70000000001221     
   515.80000000001223     
   514.90000000001226     
   514.00000000001228     
   513.10000000001230     
   512.20000000001232     
   511.30000000001235     
   510.40000000001237     
   509.50000000001239     
   508.60000000001241     
   507.70000000001244     
   506.80000000001246     
   505.90000000001248     
   505.00000000001251     
   504.10000000001253     
   503.20000000001255     
   502.30000000001257     
   501.40000000001260     
   500.50000000001262     
   499.60000000001264     
   498.70000000001266     
   497.80000000001269     
   496.90000000001271     
   496.00000000001273     
   495.10000000001276     
   494.20000000001278     
   493.30000000001280     
   492.40000000001282     
   491.50000000001285     
   490.60000000001287     
   489.70000000001289     
   488.80000000001291     
   487.90000000001294     
   487.00000000001296     
   486.10000000001298     
   485.20000000001301     
   484.30000000001303     
   483.40000000001305     
   482.50000000001307     
   481.60000000001310     
   480.70000000001312     
   479.80000000001314     
   478.90000000001316     
   478.00000000001319     
   477.10000000001321     
   476.20000000001323     
   475.30000000001326     
   474.40000000001328     
   473.50000000001330     
   472.60000000001332     
   471.70000000001335     
   470.80000000001337     
   469.90000000001339     
   469.00000000001342     
   468.10000000001344     
   467.20000000001346     
   466.30000000001348     
   465.40000000001351     
   464.50000000001353     
   463.60000000001355     
   462.70000000001357     
   461.80000000001360     
   460.90000000001362     
   460.00000000001364     
   459.10000000001367     
   458.20000000001369     
   457.30000000001371     
   456.40000000001373     
   455.50000000001376     
   454.60000000001378     
   453.70000000001380     
   452.80000000001382     
   451.90000000001385     
   451.00000000001387     
   450.10000000001389     
   449.20000000001392     
   448.30000000001394     
   447.40000000001396     
   446.50000000001398     
   445.60000000001401     
   444.70000000001403     
   443.80000000001405     
   442.90000000001407     
   442.00000000001410     
   441.10000000001412     
   440.20000000001414     
   439.30000000001417     
   438.40000000001419     
   437.50000000001421     
   436.60000000001423     
   435.70000000001426     
   434.80000000001428     
   433.90000000001430     
   433.00000000001432     
   432.10000000001435     
   431.20000000001437     
   430.30000000001439     
   429.40000000001442     
   428.50000000001444     
   427.60000000001446     
   426.70000000001448     
   425.80000000001451     
   424.90000000001453     
   424.00000000001455     
   423.10000000001457     
   422.20000000001460     
   421.30000000001462     
   420.40000000001464     
   419.50000000001467     
   418.60000000001469     
   417.70000000001471     
   416.80000000001473     
   415.90000000001476     
   415.00000000001478     
   414.10000000001480     
   413.20000000001482     
   412.30000000001485     
   411.40000000001487     
   410.50000000001489     
   409.60000000001492     
   408.70000000001494     
   407.80000000001496     
   406.90000000001498     
   406.00000000001501     
   405.10000000001503     
   404.20000000001505     
   403.30000000001507     
   402.40000000001510     
   401.50000000001512     
   400.60000000001514     
   399.70000000001517     
   398.80000000001519     
   397.90000000001521     
   397.00000000001523     
   396.10000000001526     
   395.20000000001528     
   394.30000000001530     
   393.40000000001532     
   392.50000000001535     
   391.60000000001537     
   390.70000000001539     
   389.80000000001542     
   388.90000000001544     
   388.00000000001546     
   387.10000000001548     
   386.20000000001551     
   385.30000000001553     
   384.40000000001555     
   383.50000000001558     
   382.60000000001560     
   381.70000000001562     
   380.80000000001564     
   379.90000000001567     
   379.00000000001569     
   378.10000000001571     
   377.20000000001573     
   376.30000000001576     
   375.40000000001578     
   374.50000000001580     
   373.60000000001583     
   372.70000000001585     
   371.80000000001587     
   370.90000000001589     
   370.00000000001592     
   369.10000000001594     
   368.20000000001596     
   367.30000000001598     
   366.40000000001601     
   365.50000000001603     
   364.60000000001605     
   363.70000000001608     
   362.80000000001610     
   361.90000000001612     
   361.00000000001614     
   360.10000000001617     
   359.20000000001619     
   358.30000000001621     
   357.40000000001623     
   356.50000000001626     
   355.60000000001628     
   354.70000000001630     
   353.80000000001633     
   352.90000000001635     
   352.00000000001637     
   351.10000000001639     
   350.20000000001642     
   349.30000000001644     
   348.40000000001646     
   347.50000000001648     
   346.60000000001651     
   345.70000000001653     
   344.80000000001655     
   343.90000000001658     
   343.00000000001660     
   342.10000000001662     
   341.20000000001664     
   340.30000000001667     
   339.40000000001669     
   338.50000000001671     
   337.60000000001673     
   336.70000000001676     
   335.80000000001678     
   334.90000000001680     
   334.00000000001683     
   333.10000000001685     
   332.20000000001687     
   331.30000000001689     
   330.40000000001692     
   329.50000000001694     
   328.60000000001696     
   327.70000000001698     
   326.80000000001701     
   325.90000000001703     
   325.00000000001705     
   324.10000000001708     
   323.20000000001710     
   322.30000000001712     
   321.40000000001714     
   320.50000000001717     
   319.60000000001719     
   318.70000000001721     
   317.80000000001723     
   316.90000000001726     
   316.00000000001728     
   315.10000000001730     
   314.20000000001733     
   313.30000000001735     
   312.40000000001737     
   311.50000000001739     
   310.60000000001742     
   309.70000000001744     
   308.80000000001746     
   307.90000000001749     
   307.00000000001751     
   306.10000000001753     
   305.20000000001755     
   304.30000000001758     
   303.40000000001760     
   302.50000000001762     
   301.60000000001764     
   300.70000000001767     
   299.80000000001769     
   298.90000000001771     
   298.00000000001774     
   297.10000000001776     
   296.20000000001778     
   295.30000000001780     
   294.40000000001783     
   293.50000000001785     
   292.60000000001787     
   291.70000000001789     
   290.80000000001792     
   289.90000000001794     
   289.00000000001796     
   288.10000000001799     
   287.20000000001801     
   286.30000000001803     
   285.40000000001805     
   284.50000000001808     
   283.60000000001810     
   282.70000000001812     
   281.80000000001814     
   280.90000000001817     
   280.00000000001819     
   279.10000000001821     
   278.20000000001824     
   277.30000000001826     
   276.40000000001828     
   275.50000000001830     
   274.60000000001833     
   273.70000000001835     
   272.80000000001837     
   271.90000000001839     
   271.00000000001842     
   270.10000000001844     
   269.20000000001846     
   268.30000000001849     
   267.40000000001851     
   266.50000000001853     
   265.60000000001855     
   264.70000000001858     
   263.80000000001860     
   262.90000000001862     
   262.00000000001864     
   261.10000000001867     
   260.20000000001869     
   259.30000000001871     
   258.40000000001874     
   257.50000000001876     
   256.60000000001878     
   255.70000000001878     
   254.80000000001877     
   253.90000000001876     
   253.00000000001876     
   252.10000000001875     
   251.20000000001875     
   250.30000000001874     
   249.40000000001874     
   248.50000000001873     
   247.60000000001872     
   246.70000000001872     
   245.80000000001871     
   244.90000000001871     
   244.00000000001870     
   243.10000000001870     
   242.20000000001869     
   241.30000000001868     
   240.40000000001868     
   239.50000000001867     
   238.60000000001867     
   237.70000000001866     
   236.80000000001866     
   235.90000000001865     
   235.00000000001864     
   234.10000000001864     
   233.20000000001863     
   232.30000000001863     
   231.40000000001862     
   230.50000000001862     
   229.60000000001861     
   228.70000000001860     
   227.80000000001860     
   226.90000000001859     
   226.00000000001859     
   225.10000000001858     
   224.20000000001858     
   223.30000000001857     
   222.40000000001857     
   221.50000000001856     
   220.60000000001855     
   219.70000000001855     
   218.80000000001854     
   217.90000000001854     
   217.00000000001853     
   216.10000000001853     
   215.20000000001852     
   214.30000000001851     
   213.40000000001851     
   212.50000000001850     
   211.60000000001850     
   210.70000000001849     
   209.80000000001849     
   208.90000000001848     
   208.00000000001847     
   207.10000000001847     
   206.20000000001846     
   205.30000000001846     
   204.40000000001845     
   203.50000000001845     
   202.60000000001844     
   201.70000000001843     
   200.80000000001843     
   199.90000000001842     
   199.00000000001842     
   198.10000000001841     
   197.20000000001841     
   196.30000000001840     
   195.40000000001839     
   194.50000000001839     
   193.60000000001838     
   192.70000000001838     
   191.80000000001837     
   190.90000000001837     
   190.00000000001836     
   189.10000000001835     
   188.20000000001835     
   187.30000000001834     
   186.40000000001834     
   185.50000000001833     
   184.60000000001833     
   183.70000000001832     
   182.80000000001831     
   181.90000000001831     
   181.00000000001830     
   180.10000000001830     
   179.20000000001829     
   178.30000000001829     
   177.40000000001828     
   176.50000000001828     
   175.60000000001827     
   174.70000000001826     
   173.80000000001826     
   172.90000000001825     
   172.00000000001825     
   171.10000000001824     
   170.20000000001824     
   169.30000000001823     
   168.40000000001822     
   167.50000000001822     
   166.60000000001821     
   165.70000000001821     
   164.80000000001820     
   163.90000000001820     
   163.00000000001819     
   162.10000000001818     
   161.20000000001818     
   160.30000000001817     
   159.40000000001817     
   158.50000000001816     
   157.60000000001816     
   156.70000000001815     
   155.80000000001814     
   154.90000000001814     
   154.00000000001813     
   153.10000000001813     
   152.20000000001812     
   151.30000000001812     
   150.40000000001811     
   149.50000000001810     
   148.60000000001810     
   147.70000000001809     
   146.80000000001809     
   145.90000000001808     
   145.00000000001808     
   144.10000000001807     
   143.20000000001806     
   142.30000000001806     
   141.40000000001805     
   140.50000000001805     
   139.60000000001804     
   138.70000000001804     
   137.80000000001803     
   136.90000000001803     
   136.00000000001802     
   135.10000000001801     
   134.20000000001801     
   133.30000000001800     
   132.40000000001800     
   131.50000000001799     
   130.60000000001799     
   129.70000000001798     
   128.80000000001797     
   127.90000000001797     
   127.00000000001796     
   126.10000000001796     
   125.20000000001795     
   124.30000000001795     
   123.40000000001794     
   122.50000000001793     
   121.60000000001793     
   120.70000000001792     
   119.80000000001792     
   118.90000000001791     
   118.00000000001791     
   117.10000000001790     
   116.20000000001789     
   115.30000000001789     
   114.40000000001788     
   113.50000000001788     
   112.60000000001787     
   111.70000000001787     
   110.80000000001786     
   109.90000000001785     
   109.00000000001785     
   108.10000000001784     
   107.20000000001784     
   106.30000000001783     
   105.40000000001783     
   104.50000000001782     
   103.60000000001781     
   102.70000000001781     
   101.80000000001780     
   100.90000000001780     
   100.00000000001779     
   99.100000000017786     
   98.200000000017781     
   97.300000000017775     
   96.400000000017769     
   95.500000000017764     
   94.600000000017758     
   93.700000000017752     
   92.800000000017747     
   91.900000000017741     
   91.000000000017735     
   90.100000000017729     
   89.200000000017724     
   88.300000000017718     
   87.400000000017712     
   86.500000000017707     
   85.600000000017701     
   84.700000000017695     
   83.800000000017690     
   82.900000000017684     
   82.000000000017678     
   81.100000000017673     
   80.200000000017667     
   79.300000000017661     
   78.400000000017656     
   77.500000000017650     
   76.600000000017644     
   75.700000000017639     
   74.800000000017633     
   73.900000000017627     
   73.000000000017621     
   72.100000000017616     
   71.200000000017610     
   70.300000000017604     
   69.400000000017599     
   68.500000000017593     
   67.600000000017587     
   66.700000000017582     
   65.800000000017576     
   64.900000000017570     
   64.000000000017565     
   63.100000000017566     
   62.200000000017567     
   61.300000000017569     
   60.400000000017570     
   59.500000000017572     
   58.600000000017573     
   57.700000000017575     
   56.800000000017576     
   55.900000000017577     
   55.000000000017579     
   54.100000000017580     
   53.200000000017582     
   52.300000000017583     
   51.400000000017585     
   50.500000000017586     
   49.600000000017587     
   48.700000000017589     
   47.800000000017590     
   46.900000000017592     
   46.000000000017593     
   45.100000000017594     
   44.200000000017596     
   43.300000000017597     
   42.400000000017599     
   41.500000000017600     
   40.600000000017602     
   39.700000000017603     
   38.800000000017604     
   37.900000000017606     
   37.000000000017607     
   36.100000000017609     
   35.200000000017610     
   34.300000000017612     
   33.400000000017613     
   32.500000000017614     
   31.600000000017616     
   30.700000000017617     
   29.800000000017619     
   28.900000000017620     
   28.000000000017621     
   27.100000000017623     
   26.200000000017624     
   25.300000000017626     
   24.400000000017627     
   23.500000000017629     
   22.600000000017630     
   21.700000000017631     
   20.800000000017633     
   19.900000000017634     
   19.000000000017636     
   18.100000000017637     
   17.200000000017639     
   16.300000000017640     
   15.400000000017640     
   14.500000000017639     
   13.600000000017639     
   12.700000000017639     
   11.800000000017638     
   10.900000000017638     
   10.000000000017637     
   9.1000000000176371     
   8.2000000000176367     
   7.3000000000176364     
   6.4000000000176360     
   5.5000000000176357     
   4.6000000000176353     
   3.7000000000176354     
   2.8000000000176355     
   1.9000000000176356     
   1.0000000000176357     
